3.677153448688029957e+00
-3.453108816156980065e+00
-5.693552808657696973e-01
-1.505630615843728926e+00
-1.126321674445592835e+00
2.247807697970247265e+00
3.382547676452715368e+00
-9.273182965313448989e-01
-4.442157758572123250e+00
-3.588516862075992631e+00
-5.518556238696500138e+00
-7.547506938253508046e+00
-7.213175052477812876e+00
-7.290582456993651483e+00
-7.025880595492623115e+00
-5.878200127321669299e+00
-3.794802389749287741e+00
-7.044632166094957348e+00
-7.452885728440169721e+00
-6.846630791046815823e+00
-7.338984308107103338e+00
-6.641299692932257415e+00
-7.268197765753146022e+00
-5.773862463821312296e+00
-6.806866689389281966e+00
-3.843787704021590201e+00
-7.109348588298324501e+00
-7.092141909114586973e+00
-7.186388393204130587e+00
-7.357720127244475883e+00
-6.253460229560503514e+00
-7.505397673736577957e+00
-7.310580507068853429e+00
-7.587581311489020486e+00
-5.496029315880324617e+00
-5.216382668722850724e+00
-4.352007582744548131e+00
-4.140804688484132079e+00
-2.792840949299775222e+00
-1.496286271815991498e+00
-2.515454678705852931e+00
-1.541456254154272010e+00
-1.289682007279598253e+00
1.891647774694650008e-01
8.614397053460927378e-02
-1.919371578259402966e+00
-5.415877397991191167e+00
-5.841976267280784896e+00
-6.387346213887856727e+00
-3.852818526890837258e+00
-3.383245632262754210e+00
-4.777206489563204705e+00
-3.797024659009457181e+00
-4.026530932463043833e+00
-6.008862222169415901e+00
-6.736276281505651831e+00
-6.596404096519475679e+00
-6.045320714854366173e+00
-6.095961271127188219e+00
-4.425756361219241874e+00
-6.402662046202260093e+00
-6.387504247801852664e+00
-4.197601305451176046e+00
-7.095255890284647649e+00
-6.194225215468787127e+00
-7.454461017189626837e+00
-7.664095317746674851e+00
-7.811371094834648865e+00
-7.582183422359842773e+00
-6.878817425696895249e+00
-7.111851861150451981e+00
-6.582469230178555897e+00
-6.875679967744045662e+00
-4.797234044403624331e+00
-2.505690269479195487e-01
2.413758653256580455e+00
2.433883876341143004e+00
4.030095201091609347e+00
5.106652996319861693e+00
4.364896767011366308e+00
4.019932016941019981e+00
3.931008234213196229e+00
5.100980379145579668e+00
4.343144640589978955e+00
5.565433313891053224e+00
6.541738699058083917e+00
7.007351596587599651e+00
5.818759801488822880e+00
5.134455095404811154e+00
-1.492156489226919902e+00
-3.824733332797744634e+00
4.492504257107508558e-01
4.108144145951776238e+00
6.622470490894388773e-01
4.701444643438428272e+00
-3.249493771866728498e+00
1.489570546602962731e+00
-2.955828555303005700e+00
-3.363665623727662979e-02
-8.427858051642401760e-01
-1.238266904749921071e+00
2.409279375435133819e+00
-1.389666441810967434e+00
-3.815180072389882771e+00
-4.441711316656746789e+00
-4.351204210686150375e+00
-5.100248979489805379e+00
-2.170531270096147658e-01
-1.621710463923278001e+00
1.488064570113139196e+00
1.912731479738904561e+00
3.239374256137056984e-01
-3.491317008024608981e+00
-4.574558147465449309e+00
-2.916478193359345994e+00
-6.785688995098523302e-01
-2.298882797207845829e+00
3.683637527803240164e-01
-4.423245542689877019e-01
1.708121809060624552e-01
-8.483970911416767180e-01
-3.982584976811967437e+00
-2.052499235950417056e+00
3.444557176454806413e+00
-1.200397056447196853e+00
4.748780074554542985e+00
2.603469957400456281e+00
2.059870356090383492e+00
-3.153492925423988069e+00
-8.489911349072380986e-01
-1.528599856505049148e+00
-2.386565859384576882e+00
-6.135962516650694809e-01
-3.127633621983175960e+00
-2.564885966079569979e+00
-4.974171002778648987e-02
1.805386400924184231e+00
-9.809840916727594617e-01
-3.889602910931161173e+00
-2.157738496500722913e+00
2.637092277614950575e+00
2.332577429816811432e-01
-2.370717440742150739e+00
-1.739368511042980403e+00
-1.243032712072286827e+00
1.260903056773648168e-01
-1.865892122520396157e+00
1.608162207521207365e-01
4.517393971594021451e+00
-1.073831568550344784e+00
-6.663414520443124156e-02
-5.781769865912943507e-01
-4.377975411557056162e+00
-7.397370448533940879e-01
-8.405211880008555125e-01
-1.970987261251217149e+00
-4.088920163816798237e-01
-3.320618725825437156e+00
-3.881614149667234503e+00
-2.807204266221420497e+00
-4.173371862621060302e+00
-3.936848084372090995e+00
-1.941409627832059615e+00
3.044203413818108661e+00
-2.281759731882608389e+00
-2.814073597586115749e+00
2.293452573900042868e+00
-2.647006271432340796e+00
2.529134650320176703e-01
1.216155685554422883e+00
3.890039473956981908e+00
3.561686268411746181e-01
-3.689687412541440725e+00
-2.974517330538727133e+00
-3.178919522407454235e+00
-9.848535801083713181e-01
-2.775814669934154821e+00
-1.798225942555323975e+00
-2.558256849709100944e+00
-4.158944264812462599e+00
-3.975067293037608085e+00
-4.267360463792368996e+00
-5.645296071072565702e+00
-2.007043077941683240e+00
-2.895106414349823964e+00
-6.736186492156622796e-01
-1.522761865278916105e+00
-3.383572826460747418e+00
-2.941133960923464574e+00
-1.249528752103870488e+00
-1.717131599856160262e+00
-2.924645072356497622e+00
-1.325562395318985454e-02
-7.111364327053862899e-01
-3.899812268674391902e+00
1.376332014057324526e+00
-1.536201685338071998e+00
-3.458247951589567659e+00
-3.431447892100196739e+00
9.378767069515339116e-01
-6.192250900717339857e-01
-2.585319979503958532e+00
-1.088964281123286248e+00
2.985697679976823116e-02
-1.680041516270794899e+00
-2.233712335122672421e+00
-1.580638157185897841e+00
-1.915986718732939798e+00
-5.234509665992103100e-01
1.429497110005614857e+00
-2.195264033575296647e+00
1.241856734804469564e-02
-2.261521854707401413e+00
-1.082032001349276795e+00
-3.005786042794019175e-01
1.822064334120459650e+00
-7.095146606475054574e-01
-1.019451360066017331e+00
-7.377356379471058934e-02
-2.824158253009031228e+00
-6.958427524477273085e-02
-4.905034461042458438e-01
-1.521574871359329117e+00
-4.173436094597223978e+00
4.122703167912601940e-01
-2.171890398856304749e+00
-2.837177374899811255e+00
-4.456570073569254831e-02
-2.574186998611725841e+00
-2.081816229278840247e+00
8.720454030212209107e-01
-2.135186664723400796e+00
-1.111460891558401221e+00
-1.839205721603939525e-01
-6.186490451075208480e-02
2.118473208516417738e+00
-1.153952480430162186e+00
-1.385630761708207759e+00
-1.626060420674328100e+00
7.863312015748492589e-01
-2.716465407699511392e+00
-1.928446368280270606e+00
-3.211649727489453099e+00
7.717400815974441164e-01
-1.980302088855163900e+00
1.002295732106075699e+00
3.010860023429736909e+00
9.540737055177649140e+00
5.042875274063176150e+00
5.533858342907289618e+00
5.475419937592420627e-01
-6.401455935131284969e-01
-1.624753357417349164e+00
-7.710550202550824350e-01
-2.256865360021961475e+00
-1.435531527049269451e+00
-3.647324273128813132e+00
-3.235287982094019466e+00
-2.056525566422708451e+00
-2.225232375352137026e+00
-3.037903216156198627e-01
-2.520496845232651939e+00
9.110242884655148643e-01
-1.772845930041243578e+00
-1.763917669235025798e+00
-1.319791668481082647e+00
7.766723970685408540e-01
2.977734569541430343e+00
2.645767119815248147e+00
4.361620149292294357e+00
-3.653610588042224272e-01
-2.670894753093567164e+00
3.511163372383578007e+00
8.267393876822405341e-01
-1.960064788075926101e+00
2.366375616534604764e-01
-1.985898703893144157e+00
-6.672764359451175409e-01
1.902952099904825223e-01
-1.932695004005983153e+00
-2.614837691199465741e+00
1.758184583111254362e+00
2.489332120683024119e+00
2.736984991234307496e-01
-1.425581189156328366e+00
1.816445969113144487e+00
6.808429984245313316e-01
-2.524057582369455321e+00
-2.435684008003720979e+00
-2.403271467694016117e+00
-3.612880401753297832e+00
-1.427476023478177369e+00
-7.783944591306802829e-01
-2.347457669111533196e+00
3.432061793217068502e+00
-1.952300243212822695e+00
3.431008480966715180e+00
-1.613904125945671453e+00
1.616544200528856612e+00
-2.870954874839705351e+00
-8.563520509329545227e-01
-1.772919336963839188e+00
-3.012715596444126565e+00
-1.736182224885088443e+00
-2.647685521256576635e+00
1.592257030514510896e-01
-2.621103891978763034e+00
-9.062315783532434166e-01
-2.120640772118147055e+00
-1.270093466361633228e+00
1.809387276869394823e+00
-3.476612673372678763e-01
-1.037543245064566966e+00
2.075857093728753766e-01
-1.322635768584647487e+00
-4.235064199526461515e+00
-3.304268462143205909e+00
-1.737802479886725093e+00
-3.286190824724341208e+00
-1.611825433183159406e+00
-5.447707238984171862e-01
-1.746043941018162737e-01
1.081932169190432669e+00
2.115240365041626269e+00
-1.667981119420080871e+00
4.101641416471644597e+00
3.163297396747037360e-01
-1.712921750721701386e+00
2.184513936587922700e+00
4.781413149741796098e-01
-3.627166837814919664e-01
-1.093634510990681763e+00
-2.351387657963277977e+00
-3.882861767192232083e+00
2.610704019170434709e+00
-9.708799368054389367e-01
1.228280419226353004e+00
3.100541362753209018e+00
7.951835835312677681e+00
6.410858198254122620e+00
5.859417904726437420e+00
-1.014626507622021112e+00
3.605717246584156377e-01
2.094793697588642090e+00
-7.311065430043376390e-01
-5.111786941699014708e-01
-7.924388128114372154e-02
6.388890560219558923e-01
1.421072515778161405e+00
2.407857804181080308e+00
3.620675478152920679e+00
-1.542280232609307467e+00
-3.259424827915637035e+00
-1.703689615809782509e+00
5.058151894801556914e-01
-3.994741840069760741e+00
-2.949224872752826965e+00
-3.295205707048327604e-01
6.299164970532252772e-01
-4.840500770726154478e+00
-3.675527999927522327e+00
-4.110011410344445615e+00
3.277141521423066362e+00
2.307529918356778342e+00
4.363393847848180407e+00
4.593784744787545726e+00
-1.157497427958284364e+00
9.774826435534968994e-01
-2.891896144462382967e+00
-4.985524240539155549e+00
-2.987356171483833922e+00
-3.140318964645310018e+00
-2.251454655791256254e+00
-1.161804593147867992e+00
-2.133952107737158155e+00
-3.029723325151648883e+00
-2.787459653485386379e+00
-2.274824569130966534e+00
-6.113444279871113052e-01
4.375529250221588118e-01
4.117806978563929299e+00
-1.798258519302054381e+00
-2.141961658985295003e+00
-7.248250460350921243e-01
4.062855513138528885e+00
6.070279193424974018e+00
4.806967692156214333e+00
4.223886817989884968e+00
8.288976581668358046e-01
-1.601515679322142560e+00
-3.950057840939436571e-01
-1.432589947142117071e+00
1.577932680682128108e+00
-1.360426482365477030e+00
-1.031973544569597445e+00
-9.907139432062939122e-01
2.803283229071780625e+00
1.522304162883271417e+00
4.143849871143045482e-01
-1.442505946120357763e+00
-1.200092247440381760e-01
1.456005598529490408e+00
1.654647594922817433e+00
2.994959085243940056e+00
-4.873249396076503537e+00
2.644058299873799367e+00
2.433854909508641029e+00
1.982048189418183171e+00
-1.582228936020526833e+00
-4.498842119081817081e+00
-1.965727297387083405e+00
3.289243504408037033e-01
1.864927548892532316e+00
1.789666492248197960e+00
1.250021615822605403e+00
-1.279368324607925267e+00
-7.982916193356727197e-01
-6.392416325442812353e-01
4.192452951063239119e-01
-1.378277728052493822e+00
-3.512978885434021592e+00
-1.134197492983527011e+00
-3.117099333649672843e+00
-9.673186457242958225e-01
-2.530606286949652062e-01
9.241736707198202616e-01
-1.041512587273494050e+00
-1.054612714093051545e-01
-4.132228465208112489e+00
-8.339222375435560997e-01
-2.521953702142321063e-01
2.340098096270476713e+00
-1.478808591489396251e+00
4.376514686050581027e+00
4.779161936039423852e-01
5.499331779047153645e+00
-5.804114026024786988e-01
-1.533230871311031196e+00
1.173121080834596430e+00
2.090073854592063365e-02
1.592370963394430072e+00
-1.744847654235042400e+00
-2.245900400156123133e+00
-3.778871036086698609e+00
-1.149188717396752768e+00
-1.815031854412133105e+00
-1.903556227931815892e+00
-2.997319781191234433e-01
5.272570757173730804e+00
1.790353160665037580e+00
5.710434455540474907e+00
3.923653779437736855e+00
7.753584634199467418e-01
3.387121789003578964e+00
5.927134854085257309e+00
5.965270748924040412e+00
9.584035347842395636e-01
4.411371244622229959e+00
7.413578270936535652e+00
5.284893375228621792e+00
3.487639519695058254e+00
6.291421238555777506e+00
-3.634389848872596196e-01
3.061425484522154239e+00
6.954076882619545152e+00
5.578483763827200903e+00
-4.787308243369796656e-01
3.411507860734614095e+00
8.987400323447827688e+00
-1.620509367715750271e+00
-3.252356830183451564e+00
4.167617533906220473e+00
5.065052394125505453e-01
1.420048476370957546e+00
3.125298095859901704e+00
2.691584714823312741e+00
-1.556251857219158596e-01
-4.182840875707525718e+00
-3.834246521501949001e+00
-6.519670626628190746e+00
-7.529455546541387712e+00
-7.284115635172784486e+00
-6.980778912053620111e+00
-6.774246897039905235e+00
-5.748403499201351075e+00
-3.586122065214104371e+00
-5.952491647606705349e+00
-6.558296446786232359e+00
-5.213690087250608229e+00
-6.145240071158416306e+00
-5.911945497058712640e+00
-5.977355997915171137e+00
-6.342329740149583728e+00
-6.998775952136006673e+00
-3.813918359652888501e+00
-6.855823274529353917e+00
-6.671714876201114919e+00
-6.795920111697500765e+00
-7.371362322382677412e+00
-5.839188929764955738e+00
-7.460798296527117124e+00
-6.105599787976082382e+00
-7.030798760331870234e+00
-5.988511375170958217e+00
-6.121462551427296894e+00
-6.241574588654358102e+00
-5.350563859559765767e+00
-6.396780902700444749e+00
-3.498060357067876769e+00
-6.496440433583511975e+00
-6.126358666219487326e+00
-6.055588345346886392e+00
-5.456707004928229132e+00
-5.081645309104655617e+00
-3.773358203717508630e+00
-2.655089980846492725e+00
-1.729162477832160150e+00
-1.145680743411322089e+00
3.717325604534377770e-01
1.882388200794142596e+00
-3.168956266093742258e+00
-4.722494791703006456e+00
-4.910067883639849917e+00
-6.646744521658003002e+00
-6.817661083710461867e+00
-6.457242434465656267e+00
-6.755689729667992083e+00
-5.917663054061388372e+00
-6.627503163496096583e+00
-6.854397078048222625e+00
-6.478852493692571102e+00
-3.072081250161400323e+00
-6.297953587779105966e+00
-7.280529999867082047e+00
-7.139697039318001259e+00
-7.640777523619898481e+00
-6.931912293269347991e+00
-6.641618406784071560e+00
-3.469709101959849828e+00
-3.118549701159216259e+00
8.361115510805281481e-01
2.284203759361687958e+00
5.972611159397286151e+00
5.121309991965692809e+00
7.245126529841144247e+00
4.786887705073382904e+00
8.671863853270536993e+00
4.170765930240146524e+00
4.671027194123403170e+00
6.642378030846991521e+00
4.396780529576674645e+00
3.946816095489809495e+00
4.839038867113830023e+00
2.861915317679430526e+00
6.673025162259619059e+00
6.347003234909706748e+00
7.697408533982000201e+00
2.732571395562544136e+00
-2.003134488463270912e+00
-1.031008284306931949e-01
-1.595334901661415339e+00
-5.639622657569328679e-01
4.593513651476544557e-01
4.455430706439176269e+00
-2.938684319294722957e+00
-8.559215976104770363e-01
-2.723025997340799975e+00
-1.549223340916767055e+00
-2.409942560806438205e+00
-2.524290133393656266e+00
-1.222267790191654768e+00
-2.723936437102880248e+00
-4.437104810441018010e+00
-3.302672791145184306e+00
-5.207783828732774900e+00
-3.852597374512097161e+00
-2.779877152236048143e+00
-3.108397284382716119e+00
-2.100852714112949327e-01
-6.118217367473723911e-01
-2.053715121741996441e+00
-2.274363726037876177e+00
-5.248868051761252040e+00
-2.935962848740505393e+00
-1.657248105622675327e+00
-3.496786234007666305e+00
-3.115441803188919168e-01
-3.940288033370709098e-02
-1.673452221690911124e+00
-1.348327159756797622e+00
-4.459249234456028610e+00
-9.639667363959422142e-01
3.014733085106045873e+00
-1.831750664144564000e+00
2.222300971172582962e+00
2.395428850154917466e+00
2.342816300659255724e+00
-3.275362262196806373e+00
-1.021183949358758003e+00
-1.786810321014158376e+00
-2.686984140342232319e+00
-9.746965480023561668e-01
1.643820396603737022e+00
-2.288296226116502741e+00
2.089723053080408122e-01
3.917421350447909401e+00
-1.074501772989713722e+00
-3.453280424620744693e+00
-2.343351363164273504e+00
4.199886211135013703e+00
-2.137062354096613159e+00
6.236896843897542508e-01
9.463911064528541806e-01
1.352003369766908714e+00
4.276195433788916311e+00
6.091580598335379015e+00
3.088883025963450990e+00
1.906941720615312974e+00
-1.625628479219837219e+00
-1.223516904458413102e+00
1.910481510308286390e+00
-4.408487321675259807e+00
3.577742352049593788e-01
-2.595663847907986987e+00
-1.735446436835535566e+00
-1.001711003409730072e+00
-3.313376628016137193e+00
-3.506190109702921109e+00
-1.732645618079358352e+00
-3.246475211283179174e+00
-3.927831227153178784e+00
-8.218721287529419106e-01
1.604541108048207765e-01
-1.584927914663134763e+00
-1.318514326642250545e+00
3.396538322482804517e+00
-4.790163252363546675e+00
1.249611930425159195e-01
8.664667409239115159e-01
2.691243857224345337e+00
1.893110842362053292e+00
-3.577322624215014457e+00
-2.865848809268955133e+00
-1.318889147242680915e+00
-1.175435006346398303e+00
-3.078938890176731391e+00
-2.045990464357311911e+00
-2.619323728272894947e+00
-4.734177338974986604e+00
-4.248619281578640106e+00
-4.591012681772157045e+00
-5.711339816149688886e+00
-1.548573346368992576e+00
-2.942947570187766981e+00
-7.122585215562931005e-01
-6.496347711813231784e-01
-1.379443676169113786e+00
-2.848800643043071457e+00
-7.278127361047816990e-01
-1.180379539530969524e+00
-2.894304246729362706e+00
-6.671529568501739504e-01
-3.734885453590479076e-01
-3.143863172744447709e+00
1.935653870008841926e+00
-1.374273191471357514e+00
-4.191028275218080523e+00
-3.343483534434914972e+00
1.343145353289684429e+00
-3.681408990057897790e-01
-2.120200841537791092e+00
-1.345327372660354071e+00
-3.594461412369622799e-01
-1.407551189039779160e+00
-2.898806219547373497e-01
-4.342488554756176317e-02
-2.025987489715915135e+00
6.245177617372784873e+00
1.648165254397802926e+00
-8.461433019276487499e-01
-1.040221072186316986e-01
-2.425618568459697588e+00
-1.150274453284385379e+00
-1.150478382424791723e+00
1.882650712545775207e+00
-1.327708068370785588e+00
-8.043691725501078693e-01
-2.136642960518972678e-01
-2.764428393597603506e+00
9.397129202465909215e-01
1.221683111447520398e+00
-1.332531617853916828e+00
-4.041220953938704952e+00
3.369394085655653126e-01
-9.912865132973238680e-01
-3.091041335282140423e+00
-2.693540077159572999e+00
-2.711416516328923887e+00
-2.367405063797522136e+00
1.028564058742400755e+00
-1.103799253591545515e+00
-1.640096103634730573e+00
-7.223376212678397357e-01
-7.390881348457602196e-02
2.361495236963448097e+00
-1.651631516283166290e+00
-1.831799819394917650e+00
-1.795407334259855325e+00
8.004560272323611725e-02
-2.466095365223603508e+00
-2.675520044765864025e+00
-3.130694750954864158e+00
1.308742713275459435e+00
-2.370515168715701559e+00
1.641794817109074600e+00
2.525061065545936234e+00
9.376110208515928690e+00
3.143180575855871073e+00
5.348516877491945820e+00
2.334105162889388296e+00
-9.143294471248056832e-01
-9.643356089188149793e-01
-4.328637686850949629e-01
-2.394422107977558056e+00
-1.335587640994574166e+00
-3.501684690342257156e+00
-2.971079819299630831e+00
-1.825256516000020257e+00
-1.690494530182147459e+00
3.379489545288660302e-01
-1.855263567419488169e+00
6.463837087465366116e-01
-1.738189884510825678e+00
-2.051226183661038593e+00
-1.199122750243968971e+00
1.856210341758582905e+00
2.739737139231883223e+00
6.147867370807744258e+00
6.997277312180198550e+00
-9.766901284833306995e-02
-2.901379573195136619e+00
-6.592239951962922673e-01
8.253776257882455836e-01
-7.681332293561590197e-01
3.713790026381451614e+00
-1.521345424957423420e+00
-1.123064902781116592e+00
-6.301105422623488606e-01
-2.185053300326678993e+00
-1.994577845660915116e+00
1.303697198429850213e+00
1.387725453433273026e+00
8.360936710091962931e-01
-2.155400148655450820e-02
2.150408909388690670e+00
4.725693768673153716e-01
-2.841641764583746177e+00
-2.917011342533392337e+00
-2.398438058090067937e+00
-3.390591821986836063e+00
1.390802712152092946e+00
-3.400154456952257376e-01
4.866634473292906216e-01
-7.057204626159064853e-01
1.167371064699281646e+00
7.142409799022795269e-01
-4.905786865404126451e-01
-2.742675186147712774e-01
1.875665047725889822e+00
-2.330761780298812536e+00
-2.214763753936807245e+00
-3.652547597119288003e+00
-2.170461478074865891e+00
-3.312588536352335300e+00
1.462383789002537626e-01
-2.631626443106636515e+00
-6.268754976319897976e-01
-2.134517296207214088e+00
-1.130611265324412029e+00
2.042702887200730899e+00
-4.409169800246832693e-01
-9.110213748011531942e-01
-9.708568897608046422e-01
-1.498674361777701192e+00
-4.409650915484719214e+00
-2.891919387636446626e+00
-1.068212395318637986e+00
-2.863227555173353256e+00
-1.298641969948953978e+00
-9.458865564828027317e-01
1.876008814463796526e+00
-1.493665003213682008e+00
-2.326482317838282299e+00
-3.599289394745438297e+00
1.559580892831036181e-03
-2.813047119274140195e-01
-1.687361277119863834e+00
2.443788930314389152e+00
1.485079086266683612e+00
6.097749848915823279e-01
-2.819493596512571698e-01
-1.329561892971998560e+00
-1.711966818545997526e+00
3.575347809948426825e+00
-8.686962754170334255e-01
3.135932300136211381e+00
2.059642350420409329e+00
1.694087264567192497e+00
2.889179960872160446e+00
4.339326934520905787e+00
9.654537542439682873e-01
6.650494616390324465e-01
4.935455449250360616e+00
1.982305506379597126e+00
1.682066957630601989e+00
5.957583859235988655e+00
-4.759413999436126197e-01
2.626867387291919598e-01
2.687069858924842070e+00
2.994191912683708878e+00
-3.086700937575002524e+00
-3.047743786623621887e+00
-8.565067714776285479e-01
7.740409233250832299e-01
-3.986017604837595485e+00
-2.865922524443777153e+00
4.796955015505986464e-01
9.035249030810046378e-01
-4.841700109983444911e+00
-4.195726471335603946e+00
-4.374753353796665856e+00
-1.549108013220948932e-01
-1.417270971941907709e-01
1.214855642597983953e+00
4.891136302898236310e-01
-1.153542159113657428e+00
1.712391471634185036e+00
-3.267276711247475873e+00
-5.262032990338202154e+00
-2.556119575061950311e+00
-2.213671884739210949e+00
-2.873006516183437942e+00
-1.362904832067383554e+00
-1.627353312743921698e+00
-2.871988511017878221e+00
-2.586713039561747252e+00
-1.830511794256588942e+00
-1.246940742253738632e+00
1.725618214504824444e+00
6.410884826168396167e+00
2.470702637533817914e+00
3.305905469077227821e+00
2.271977307907520505e+00
4.668692830213243106e+00
6.724412348095281544e+00
5.607025593971077804e+00
5.256674368290128463e+00
-4.302304128953263196e-01
-1.673003847040479775e+00
-1.349684932930093950e+00
-1.183957185311841798e+00
-1.694237840045632604e+00
-1.809870142598442699e+00
-1.733192693912679383e+00
-7.376567981746822156e-01
2.261953689559272007e+00
9.731184234658369903e-01
5.050255800167601228e-01
1.588643927441546255e+00
2.149378540006758875e+00
-2.285606587029333170e+00
-1.605486815882603835e-01
2.127016036683487155e+00
-4.527215357439414056e+00
-1.134878467262633306e+00
2.472230006649632106e+00
9.127951616519291989e-02
-5.826255813801285655e+00
-2.814827705114832934e+00
-4.748371424824795461e+00
1.713839078092108670e-01
8.135178468884252112e-01
2.053231920112425168e+00
1.439529800980067220e+00
3.724138427936833917e+00
-8.383743704755822757e-01
-7.930098970496516353e-01
1.189180465309885859e-01
-4.275835141696259889e+00
-4.072094146048973684e+00
-1.737082224412170861e+00
-3.916788901482755048e+00
-2.421183931167858017e+00
-8.088117683232649568e-01
-1.723561428737049595e-01
-9.644516068148482058e-01
-1.074846965924624254e+00
-4.677466638376286845e+00
-9.044361630161388277e-01
1.570304718331245519e+00
2.586873524583594541e+00
-1.215440698938072384e+00
4.781884636534791788e+00
2.599296735522860224e-01
4.151128393711367437e+00
-1.943733697217163270e+00
-4.018050705435688208e+00
7.532097346295749674e-01
5.365158562515880192e+00
5.746540258426287018e-01
-9.281635834072948787e-01
-1.231272769724347071e+00
-3.323808485246158906e+00
-1.759765082742211995e+00
-2.291196883848344967e+00
-1.402117415598614691e+00
2.590781252839858273e-01
5.881581465102123651e+00
1.164915362992762438e+00
6.452498681947623105e+00
3.654456457958224380e+00
7.360479125149405055e-01
4.746720875844573584e+00
2.213903474569706820e+00
5.899475688942229290e+00
5.258107030080820810e-01
4.434136221355486462e+00
8.375766390906532521e+00
5.889531791828695795e+00
4.745272618908763285e+00
4.460555092005248135e+00
1.856504204056808272e+00
4.552356778968735362e+00
7.342736727233827310e+00
5.318783373213832988e+00
4.164756884826700478e+00
2.922717601685027144e+00
1.396873163045211363e+01
5.575467348541175205e+00
2.434445292685836690e-02
4.940442048507484252e+00
5.861116945273312062e+00
6.159623545824923774e+00
5.920581848659526081e+00
3.894213966215213318e+00
2.704078538775004148e+00
-4.169079317845850174e-01
-2.664672763082606366e+00
-6.124918892519237268e+00
-7.087747856748812580e+00
-7.245777605077956984e+00
-6.219516224443602859e+00
-7.047669828262914216e+00
-6.369343594721921242e+00
-3.837418198153146331e+00
-7.078530517696322022e+00
-7.376309073482629763e+00
-6.943587747645641350e+00
-6.832228377505430217e+00
-6.866054592632987230e+00
-7.480171398853532772e+00
-6.378482768242572654e+00
-6.609170067838607388e+00
-3.987105662000246298e+00
-6.794919991194877440e+00
-6.863676200838077612e+00
-7.045031202154039995e+00
-7.132342976020364489e+00
-6.468520308436544575e+00
-6.123644758025772461e+00
-7.332133225660743214e+00
-7.499884528523246274e+00
-5.828713664855094123e+00
-6.532437111613123015e+00
-5.826247978640149761e+00
-5.324948103644254083e+00
-4.579538440311378800e+00
-1.747141267848955737e+00
-2.357923922423611707e+00
-9.824125879956721041e-01
1.488485593261180684e+00
2.620420152760463584e+00
3.547793343720215375e+00
3.051273874944246955e+00
4.219296496449888245e+00
5.129386526939250679e+00
4.611262282362634579e+00
4.890871636520828680e+00
7.125822037338063630e+00
1.801571067200256726e+00
-1.881152730633155246e+00
-4.787192082681060334e+00
-4.733954862252194751e+00
-5.198536439806104248e+00
-6.478244600790190155e+00
-6.761576954572389830e+00
-6.764412444880906428e+00
-7.354123690401280555e+00
-6.778796990319462701e+00
-6.970412659913550080e+00
-6.503290369035433116e+00
-5.849312085895117086e+00
-6.679101983161991996e+00
-6.944621365952258429e+00
-6.950329659345217514e+00
-5.859165757401796348e+00
-7.062323700680285476e+00
-6.129575784417977680e+00
-6.006597220113007118e+00
-4.712306714464833846e+00
-3.479753776158640566e+00
1.246160841893821258e+00
4.312164947834264517e+00
3.629328366739799971e+00
4.596568820745098982e+00
6.209185466478579052e+00
3.357583517835167175e+00
3.251151348521910567e+00
4.911845315428319481e+00
3.269171532900382093e+00
4.593660965573802990e+00
5.910783850227303127e+00
2.667222476755572558e+00
3.909581883948764158e+00
5.057733715788784501e+00
6.633483097389922811e+00
6.228750438741157858e+00
-3.392887477640522120e-01
4.273292567879070525e+00
7.798675920276972873e-01
4.764806582740317431e+00
2.912050148088289436e+00
8.191026437417553652e+00
-1.881294878541577953e+00
-3.133111004947952694e-03
-2.617132728186728929e+00
-1.974776701109912436e+00
-3.063065509489664606e+00
-3.085540183460792729e+00
-6.654398429641517065e-01
-1.622351328985642382e+00
-4.926262409790340691e+00
-3.028727692059561161e+00
-5.397041963590321956e+00
-2.931335794089792390e+00
-2.462136726179777746e+00
-2.318610096685245647e+00
4.149294927239635666e-01
-1.694013069958869300e-01
-1.407637919629676881e+00
3.017400575195608448e-01
-5.016185936205276086e+00
-3.498443323114218462e+00
-8.673761747026361713e-01
-3.864831030797702738e+00
-6.168660024950277654e-01
-2.651554285181942361e-01
-1.460250149385952767e+00
-2.227646518001347165e-01
-4.263673833502062749e+00
-3.436043786130893452e-01
3.060541281325874774e+00
-3.254900460475118606e+00
3.505678181378360403e+00
1.001995731010688839e+00
1.697320392352850371e+00
-2.198889405186378099e+00
-1.245719545352285573e+00
-1.551769121949638786e+00
-1.292018262856995392e+00
-5.710587677270633211e-01
1.319826213010178995e-01
-1.991688416143173157e+00
-4.663339697728449695e-01
-1.212094120201213210e+00
-1.529616384349084868e+00
-3.826196190740524639e+00
-2.419347881408736800e+00
3.531894920089414303e+00
-2.444654143638983257e+00
-6.604492355449753660e-02
1.792572920351410692e+00
1.472653633303784959e+00
5.700513927958386518e+00
4.586002152137681698e+00
4.583516697354419023e+00
1.269163058352894113e+00
-4.578891804512783104e+00
-2.126803592369004736e+00
1.231249285936474980e+00
-4.550814649424040681e+00
-5.432362721671676192e-02
-2.594010664691677182e+00
-2.417290891024381327e+00
-1.023845503173882676e+00
-3.129386607248079155e+00
-3.070102916906614521e+00
-1.424249758649588360e+00
-3.676029182295299957e+00
-3.115231530021770556e+00
1.894369196208569806e+00
1.117415995425646846e-01
-1.330643937748333894e+00
-1.078741074270687994e+00
3.523426037834955338e+00
-5.123678414470231424e+00
-1.307421953239352952e+00
9.138982022251371795e-01
3.203888981201277630e+00
1.076241059872715233e+00
-3.670101487659400252e+00
-3.158500850796794435e+00
-1.560341118286402207e+00
-1.224128837452895580e+00
-2.324319940635234616e+00
-2.293414665693664478e+00
-3.526185140431773224e+00
-5.132528597263402936e+00
-4.859577240093872597e+00
-4.628341698868248422e+00
-5.718560502761453002e+00
-1.726275358970841722e+00
-2.833892506958109792e+00
-6.577298701320563046e-01
-1.996299126454369910e+00
-2.681835459186787229e+00
-3.218209680027017239e+00
-8.232842498450420043e-01
-2.010026735987308300e+00
-3.263472981372739223e+00
-7.563213410722341434e-01
-1.037357701679732402e+00
-3.839667146111729323e+00
8.870464364338525032e-01
-1.851367091761588313e+00
-4.900656644387707317e+00
-3.768311734459237172e+00
3.478090996435179161e-01
-1.471341128018326172e+00
-2.842856214220534028e+00
-1.920352311829524039e+00
-2.181738492249697126e-01
-1.647660503065991877e+00
-9.103653947651837441e-01
-8.241725662385372686e-02
-1.115211646386561339e+00
4.027409741297806711e+00
1.791751810195680861e+00
-2.077532218187188473e+00
9.916082013351320557e-01
-2.247190710145654080e+00
-1.570521481234141037e+00
-3.404970998098509338e-01
1.670972740554071523e+00
-1.091477944546966006e+00
-1.352800245055807649e+00
-2.486734718755972129e-01
-2.513285741015071295e+00
-4.078544449277672901e-01
-8.227414297319909364e-01
-9.969424483664655057e-01
-4.056155595127294511e+00
1.523318334190783274e-01
-1.896581134211096753e+00
-2.155955305427281310e+00
-1.845746575821038959e+00
-2.050517047965671580e+00
-2.629061030596748338e+00
1.075774116789462331e+00
-1.260155495913048318e+00
-1.507182161326473313e+00
-6.849715049834591563e-01
-9.533133645150275448e-02
2.147642102290173494e+00
-1.512415381193848107e+00
-1.904221430172012619e+00
-1.627380921026026384e+00
4.592821680362891290e-01
-2.269915782646747537e+00
-1.951196098491493336e+00
-3.328900873824565565e+00
4.259838285207690478e-01
-2.202037252387149646e+00
7.211519125514915807e-01
3.825526541388850177e+00
9.074786010549637183e+00
5.951107860291475760e+00
4.887025662979800344e+00
2.235248752322590848e-01
-1.863459911673709613e+00
-1.693402837802391758e+00
-7.884682630214238097e-01
-2.640202000759478640e+00
-1.330585975825288481e+00
-3.489640031534428033e+00
-3.331840759488862158e+00
-1.931034301791473284e+00
-1.881014900157801151e+00
-5.640299736868211733e-01
-2.514473927038904932e+00
8.290624566493195458e-01
-1.590219891625781701e+00
-1.859008748412277257e+00
-1.415620025245571512e+00
1.134029628098752518e+00
2.792591797894569794e+00
3.217245682310652555e+00
4.210505214224753878e+00
-1.028050207326754339e+00
-2.697509284253948980e+00
1.972243415433596381e+00
-4.393369371119306699e-01
-1.373879098615085503e+00
2.174822350889972888e+00
-1.390751754312065769e+00
-4.652043322024376759e-01
4.631257805157195651e-01
-1.976833967794598301e+00
-1.630104522512918264e+00
9.524803874830621853e-01
1.367128587613017698e+00
6.250852872306541519e-01
-5.558423554158583579e-01
2.764099514727277551e+00
4.783087879197048253e-02
-3.331764006385645960e+00
-2.763913534741385902e+00
-2.768288035917533918e+00
-3.774868016033901430e+00
-7.636410724996892663e-01
-2.583053899841692758e+00
-3.877910581851876426e+00
9.398701541902485523e-01
-3.656566211440273051e+00
1.028572559122300722e+00
-7.429366602799379882e-01
1.507729780479244164e-01
-3.296539206341714934e+00
-1.211697644957317577e+00
-2.100220737076631039e+00
-3.284216953423757079e+00
-1.887008633307436289e+00
-3.226464110090904835e+00
1.568950909548081363e-01
-2.482377593312584452e+00
-5.094611115762247566e-01
-2.141696925364118709e+00
-1.231094562961983163e+00
1.851181729598195602e+00
-3.172614834754615143e-01
-1.211540354705613609e+00
-1.163582308623372086e-01
-2.091532665288519777e+00
-4.529722275269659981e+00
-4.505865717332429909e+00
-2.159513525884616314e+00
-3.592131390291038784e+00
-1.895090189861201369e+00
-6.016369970816423107e-01
9.796547710464685865e-01
-1.693937759802738308e+00
2.710768756478472596e+00
-2.707189452286543840e+00
-1.093813930805161094e+00
-1.238737347032061065e+00
-3.214387985565092976e+00
-9.662664494983875807e-01
-1.242092215839953218e+00
-1.169311896062531497e+00
-1.084475482965004289e+00
-3.487058275579186795e+00
-4.460570253578445055e+00
1.733114104200160099e+00
-1.343718917352387576e+00
9.990604536452742934e-01
1.498123722806847136e+00
4.130884237673678960e+00
2.732417858676270850e+00
2.401477869107913055e+00
1.024445693674008062e+00
5.692417761181255420e-01
1.873283974344639446e+00
1.422625986669773468e+00
2.585746362373537721e+00
3.837930174755790347e+00
5.542795315745711049e-01
3.609209603515015186e+00
1.887468329914751664e+00
2.332117392062999173e+00
-1.166815313282443478e+00
-2.938862063641774824e+00
-7.961216748699389001e-01
8.634299541424074187e-01
-4.223404123169931523e+00
-2.859118909740761438e+00
2.544942151586371826e-01
8.049839742857803904e-01
-4.743608354439577290e+00
-3.281991826493059872e+00
-4.456151637495530338e+00
4.800542139745480053e-01
1.956154861519264487e-01
3.015547509745047705e+00
2.635280730242727909e+00
4.316694246322594353e+00
9.645599533121856917e-01
-3.033501070826845503e+00
-5.126613791328442638e+00
-3.283752953950591635e+00
-2.953597729797406313e+00
-2.954841806369397972e+00
-1.859046297211983223e+00
-2.793754097120116686e+00
-3.439601313620725076e+00
-2.080367273384248428e+00
-2.351886862587577731e+00
-7.829392269450469177e-01
2.314356229282821253e-01
3.818493547918203834e+00
-2.417840977336987329e+00
-1.881481199501729096e+00
-1.444342740960037119e+00
2.546399444294021208e+00
4.847479370441864610e+00
4.495497854122326942e+00
4.838692860743007529e+00
-9.006878932717707897e-01
-1.007860974826543243e+00
-1.024023558876554496e+00
-7.430805507893804840e-02
-6.553525947447847999e-01
-1.762531097885098985e+00
-2.584074605849369544e+00
-1.385342427354161687e+00
2.710856225675512210e+00
-9.813180849378856374e-01
2.347645022806227555e+00
6.537322555033891369e+00
3.740233741278313762e+00
-9.377090613094116733e-01
7.512637007476591355e-01
3.147719300954966659e+00
-4.957362768451651469e+00
-2.291132104905326816e+00
1.039230627972022702e+00
-8.575014093865475084e-01
-2.525959568141566525e+00
-3.266359133923406599e+00
-4.202787011710033660e+00
-2.804133111429389036e+00
-1.046842492381070633e+00
-2.336304884079721145e+00
-1.534512665986221824e+00
2.107029260611650745e+00
-2.317581059229087970e+00
-2.390898558265230900e-01
4.263670403424638100e-01
-4.446589636153012393e+00
-3.543060130814804420e+00
-1.432864465622645467e+00
-4.424871377802872985e+00
-2.160998784851262844e+00
-9.998465926648126834e-01
1.400462415805838079e+00
-1.112172257261787145e+00
1.934815650756505911e-01
-3.766876542277818540e+00
-9.102279187144629580e-01
5.225277864689380491e-01
1.487666871273408242e+00
-8.666347471118128754e-01
4.403829281875293766e+00
8.303441589431918013e-01
4.234080762401503328e+00
-9.186977166215083423e-01
-3.558725122686664744e+00
1.935823564557756837e+00
5.790601990938390564e+00
1.452720030980637844e+00
-1.337185868477597461e+00
-1.957794760896278463e+00
-3.567964281966895523e+00
-1.943132941700399074e+00
-2.482970865854518649e+00
-1.534231699896350387e-01
4.456510829240103444e-01
7.135989798435524278e+00
3.719526388245030901e+00
6.101706021755880727e+00
3.484451321471582208e+00
1.504620552335575345e+00
4.096819117017481027e+00
6.097339156498669865e+00
5.890609199440390853e+00
6.488870772197616876e-01
2.987024711212121986e+00
3.104421212780700046e+00
-6.112081569419357541e-01
1.716067100969596859e-01
3.819900616300034191e+00
1.296682084780418631e-01
3.609017336616062721e+00
6.152570567977778460e+00
6.571406231270782605e+00
1.872959917595270474e+00
-6.997733528583373053e-01
9.936045837171288753e+00
5.708010041007701041e+00
-3.214520285823807555e-03
5.422503182922074672e+00
1.232443244068143207e+00
1.629003106172354498e-01
-4.667561500980021094e+00
-5.974838868697720962e+00
-6.308349652156295839e+00
-6.285279471366848725e+00
-3.874078943273077780e+00
-6.555125798815544691e+00
-7.186577929084999816e+00
-7.186376686749365028e+00
-6.795590038734435012e+00
-6.698692190608787733e+00
-6.252464612215309359e+00
-3.726197639825957975e+00
-7.064404768533232293e+00
-7.418622732131058939e+00
-6.466646932062785957e+00
-7.467985841779079870e+00
-6.537023401507290110e+00
-7.350064888779889394e+00
-6.558464121075523678e+00
-5.319351647133930605e+00
-3.938830034892470078e+00
-6.926453437354332721e+00
-5.977320327902911679e+00
-7.636622689932386798e+00
-7.665440556600047195e+00
-6.979585532074119136e+00
-7.833350771994073369e+00
-6.939327548329276674e+00
-7.263263211221513416e+00
-5.438554300336313929e+00
-6.489229698858705042e+00
-6.893424817270329186e+00
-6.749095048134512886e+00
-6.602956810960009193e+00
-3.556213591431200527e+00
-6.302231746302228821e+00
-5.584588242778594669e+00
-2.027612658171935589e+00
2.462590041955719400e+00
2.953862394924422485e+00
1.357979979793853431e+00
2.251443798729063861e+00
3.151219534781688481e+00
-1.443467953051578379e+00
8.361060351292182169e-01
2.200119002829441950e+00
-4.318052588683361392e+00
-1.523042902740315840e+00
-6.332464071309598097e+00
-5.586999346780358700e+00
-6.815332337364083060e+00
-6.869357663815434556e+00
-6.846957254101524448e+00
-6.700006777204539965e+00
-7.440078177074263444e+00
-6.677834437329487116e+00
-6.699156019428567532e+00
-6.296375246927784275e+00
-6.876965296878652545e+00
-7.542692046008575346e+00
-7.085042891685664479e+00
-7.276426342316486107e+00
-7.177066976033285250e+00
-7.093370719834169336e+00
-5.654225844462714257e+00
-5.408573367500497220e+00
-5.847793316672858843e+00
-4.094516301850532614e+00
-1.906056314667128326e+00
2.830676892702783665e+00
6.652836649906979538e+00
3.637648760115939073e+00
9.295279445431427590e+00
5.913570329812625204e+00
4.473362410470795858e+00
8.201015524198281170e+00
4.632479204074948953e+00
4.950881472116808624e+00
6.102908761061247134e+00
6.535386433535273376e+00
7.362135173416466394e+00
6.770318802861009289e+00
6.322907269686663945e+00
5.753688101765077612e+00
-1.475348662723395821e+00
3.753151240587007109e+00
-1.124509656560036097e+00
-6.817890565119314461e-01
1.379666285834276307e+00
6.965407886793038017e+00
-2.374669788008743954e+00
-7.110977758442300900e-02
-3.275103111947009094e+00
-1.593164162332003642e+00
-2.557328960091781234e+00
-2.517167951369685408e+00
-8.915594613498898369e-01
-2.091957334770132793e+00
-4.999745514987531614e+00
-5.039229294035826534e+00
-4.569418947518383511e+00
-4.495493642856033922e+00
-2.961473321999076536e+00
-3.987210347138766764e+00
-5.076244323844619766e-01
1.006927967129047419e+00
-1.569569739815946718e+00
-4.952126389721981603e+00
-5.053247820627132292e+00
-3.522242457495176726e+00
-4.940683518244619599e-01
-2.044411865531672756e+00
-7.229559527139293174e-01
-9.553848025261727495e-01
2.157535273716691737e+00
-6.904971800790605796e-01
-4.715184166629598828e+00
-4.665943440499948358e-01
2.655737617439781317e+00
-1.826431493260791017e+00
4.425936309484215236e+00
2.662280348214338677e+00
3.124750985544352488e+00
-2.994070616482785496e+00
-4.559244704223233691e-01
-2.114157538287357863e+00
-3.038008821511437585e+00
-4.424630032631228782e-01
-1.901242966993147432e+00
-1.145716269319712710e+00
3.253839509958002529e-01
4.047878566769536945e+00
-1.007690462370806728e+00
-3.653702676763886270e+00
-2.505597889272024759e+00
-3.730041819998750063e-01
1.636601005766879169e+00
4.641578469802610130e+00
5.109144599946557896e+00
5.301122467671230964e+00
6.553312498382091178e+00
4.782999146266161183e+00
5.013183262813810437e+00
1.560577643888601651e+00
-3.345796404539621793e+00
-8.015668655818536381e-01
2.734792961538389466e+00
-4.813417463515357042e+00
-6.413297426338427920e-01
-1.738935048890517310e+00
-1.389735842721590231e+00
-1.082526212673184274e+00
-2.172085631073879419e+00
-3.574802653360697136e+00
-3.102784173624207664e+00
-4.272690993535253057e+00
-4.229652742858098335e+00
-7.717175218766773037e-01
7.435422683906178776e-01
-3.214276230001436918e+00
-2.818438472846128473e+00
2.812188850475322521e+00
-1.243270728114737933e+00
-9.677396574212715485e-01
-1.101776515674567136e+00
1.961693398814934097e+00
5.632114554820603081e-01
-3.711074849291827515e+00
-2.649080632172074790e+00
-2.757167476954585084e+00
-8.001123186394298870e-01
-2.840113407224812203e+00
-2.042142533610311173e+00
-3.353059248243518198e+00
-4.909964988781703177e+00
-4.126197469819891772e+00
-4.341539861813462409e+00
-5.985879347145711904e+00
-2.001028152743122401e+00
-3.171185084699119638e+00
-9.798075107116752669e-01
-1.195765793242183461e+00
-2.367892715479432031e+00
-2.718214111811275924e+00
-9.497604030791878538e-01
-1.298771943372093673e+00
-2.871570653869698564e+00
-1.227664684006029711e-01
-5.350504474849029357e-01
-3.634357779218196693e+00
1.731080067908604248e+00
-1.878978599397946203e+00
-4.382832664277329648e+00
-3.903359439436273615e+00
7.681487642282558426e-01
-5.669126927753750378e-01
-2.369712130351679935e+00
-9.633727157963084542e-01
8.833728312825410434e-02
-1.938642846148490362e+00
-1.710193912071339417e+00
-1.050449878284630989e+00
-1.174341350643367976e+00
3.455851119892071055e-01
1.050578883116234818e+00
-3.003075384458914865e+00
-6.680515278589012340e-02
-2.882014063408701698e+00
-1.741817337436378788e+00
-2.217192880524338217e-01
2.006174631599642044e+00
-9.381757639317834796e-01
-9.512357225288429197e-01
-6.191863870918953155e-02
-2.700907017832155699e+00
-8.786869579609879466e-02
-1.182267058366361923e-01
-3.185884962424708200e-01
-3.856929878712444637e+00
-1.953030001670557070e-01
-1.970343416238423684e+00
-3.511176480107273790e+00
-2.630368756174524147e+00
-1.831201018868992447e+00
-2.903878756063990263e+00
-2.948557189525986555e-01
-1.249720517756616633e+00
-1.913414793135187475e+00
-5.715085809971700570e-01
-1.762374952521813809e-01
2.063380911036789112e+00
-1.387335099794016147e+00
-1.560093255337045681e+00
-1.779978419488860153e+00
3.689572281455709146e-01
-2.362981006852051813e+00
-1.236800145542650498e+00
-2.785730590214505753e+00
1.052235144197212202e+00
-1.088189448707187035e+00
4.833105899296926133e-01
2.266634153901196491e+00
8.722495960006625637e+00
3.012734983418739798e+00
5.717241769016516706e+00
7.698223639167719456e-01
-5.150754949686725537e-01
-1.649890385189881625e+00
-5.820090387904792717e-01
-2.375333036513957996e+00
-1.412395905996224998e+00
-3.506475869035371673e+00
-3.069720377886300700e+00
-1.763256089776310098e+00
-1.804443983552603159e+00
-1.977217901271542955e-01
-2.440206321782457000e+00
1.007204011867477877e+00
-1.814371312875221465e+00
-1.475800004403332588e+00
-1.160493370266823421e+00
8.428173213963595645e-01
2.070380500668432600e+00
3.742948682398113736e+00
3.711899885329897231e+00
-9.511648099372763676e-01
-2.734225667733467535e+00
2.050988628427012017e+00
8.891303875737429641e-01
5.247336721708843049e-02
2.751570565769220877e+00
5.708723313516307352e-01
3.234082077459800586e-01
9.118726557382167419e-01
-1.827688285441163130e+00
-1.169055697900464930e+00
8.088499041847566629e-01
5.707624073811149445e-01
1.197367265310929518e+00
-1.542611162349273757e+00
9.373037692377930163e-01
-1.227915001844737813e-01
-2.975919853119771918e+00
-2.213703170902748596e+00
-1.837150116625699381e+00
-3.286531911088193869e+00
8.595326221312443726e-01
2.353130830508857463e-01
1.929978107575947677e+00
2.412004974171752636e+00
4.802687712715211887e+00
3.757825753456579321e+00
6.400602331495219843e-02
1.070352268746067814e+00
6.587608894211313126e-01
-2.033642468048113994e+00
-1.792103254846253657e+00
-2.832702816220049602e+00
-1.563931306262988485e+00
-2.850192262011538968e+00
1.241999265413108872e-01
-2.662477053198326171e+00
-5.002697830148364888e-01
-2.190519690953669052e+00
-1.201880212620287436e+00
1.781020499892008502e+00
6.269796872544713962e-02
-3.318399364120396267e-01
4.374386104305442308e-02
-1.356433430323204625e+00
-3.867726388094540280e+00
-1.204718946503049892e+00
-3.422436278577452029e-01
-1.663509441041210790e+00
-1.243874770225443127e+00
-5.377197281254730843e-01
5.611244287242248552e-01
-1.533619130224966876e+00
-1.467346666763072349e+00
-3.332529620140250781e+00
-1.507359908259561676e+00
-1.400040338090050573e+00
-2.518846629687697458e+00
2.538433277556246259e-01
9.775427799006678464e-01
2.455687683042915292e+00
7.130535356946525738e-01
-2.712245443270800416e-01
2.085002748903353353e+00
5.684717298457453438e+00
1.661589601204710720e-01
3.978947012263848393e+00
7.421527638507204649e+00
7.925916435833619822e+00
7.110406762189271035e+00
8.323521749449371399e+00
6.024752531359399477e+00
4.350433981849368692e+00
4.589560445274024403e+00
3.017280004250777026e+00
5.502046801061833969e-01
1.643200159166525287e+00
9.612376633911874357e-01
-1.079358900347051176e+00
2.002050631403539338e+00
3.527675435911319823e+00
-9.090817936270325639e-01
-2.738052237226959562e+00
-4.194841320800774542e-01
9.361568191765848868e-01
-3.459030521557804772e+00
-2.877158106314632757e+00
1.681328831605523322e-01
3.098480284939895690e-01
-5.180890935695813049e+00
-4.042968212551079965e+00
-4.847087730580613929e+00
-1.790903929267287031e+00
5.451572000774942417e-01
2.464676716841662785e+00
1.524126885970463308e+00
-2.794694906108150079e+00
-1.926683255925870919e-01
-3.542107616056631603e+00
-5.670229455797304752e+00
-3.792209470457432730e+00
-2.778069629930332241e+00
-3.051138100819314136e+00
-1.446471968511494177e+00
-1.990104758383132166e+00
-3.294276893894286129e+00
-1.857105289903212109e+00
-1.203602937566067288e+00
-6.046500111118099374e-01
1.491772281589534899e+00
5.688007233333670420e+00
1.226034079496847173e+00
1.153703041930357553e+00
3.501848661477698244e+00
3.724592684025212375e+00
7.422286400144936458e+00
5.686049989089696943e+00
4.742894720364378536e+00
1.012430734856000880e+00
-9.184188926380679741e-01
-2.280002396318010494e+00
-2.121755200564019006e+00
-2.389338833275802099e+00
-2.051537952273847498e+00
-1.759519301895473120e+00
-9.778435837400865083e-01
2.799701977819655685e+00
1.385054194517287840e-02
1.061141815304235791e+00
2.272474110901934186e+00
5.421379455424848448e-01
5.050723406062741505e-01
3.855409003505308463e-01
2.019304071224249597e+00
-4.573656186861723150e+00
-3.144782359003566174e+00
-1.999950813682290329e+00
-1.544752119601686458e+00
-5.352014638105686561e-01
1.298051128773275442e+00
-2.457845422409833169e+00
1.720148689924481333e+00
2.835350887942869935e+00
3.228409758212270386e+00
2.179624983897623380e-01
-7.777704385004874377e-01
-7.944964689775456668e-01
-2.097125804720841646e+00
1.161208160459458738e-01
-4.328264403084896017e+00
-3.393156638183997487e+00
-2.175037268758622133e+00
-3.722854909983613680e+00
-1.431136623916976491e+00
-1.307917068414724993e+00
2.432932492731883389e+00
-2.045662898724599277e+00
7.395984355223946816e-01
-3.095155101560325139e+00
-9.442650374756637044e-01
1.537361046549417243e-01
2.013731055877995946e+00
-1.351019375770902142e+00
3.647915050235712275e+00
2.587949019333856682e-01
2.891598503652141883e+00
-2.322870572962002722e+00
-3.706109890565421949e+00
8.345200975007873723e-01
4.107234649177991415e+00
1.913334107322114841e+00
-2.844766224837952162e+00
-3.142809900864423245e+00
-3.903528872190090482e+00
-2.336353052841579458e+00
-2.348515617266078603e+00
-2.471922760232488692e+00
-1.673980324199640102e-01
6.055675924495219853e+00
1.240752358874787770e-01
9.400511549197645422e-01
2.699785975118864201e+00
2.064497960454036551e+00
1.179534099577936201e+00
6.122173852474857902e+00
-7.165583438574616437e-01
8.232052373672363865e-01
-3.158077303657500057e+00
-5.484930837683713589e-01
3.802729681614461232e-01
1.940580370142027888e+00
3.265439086473818975e+00
-8.163131600743795957e-01
2.708012515132907083e+00
5.253236418641884065e+00
5.610804027860786469e+00
2.111580888864295513e+00
-1.162995925327595215e+00
