5.004394264552577631e+00
3.644936309063050994e-01
5.715330977298591186e+00
-3.066518121782749517e+00
-9.867504713508917780e-01
1.007320799250895016e+00
-4.178974127559331175e-01
4.591368645334268916e-01
-9.872562849636797866e-01
-4.670214529764358247e+00
-4.232329277391792210e+00
-6.473407056926362202e+00
-8.052382957379714767e+00
-7.442660131414040592e+00
-7.225255728374385455e+00
-7.594684837083999440e+00
-5.990944840586227116e+00
-4.640215930081169837e+00
-7.809817806798586837e+00
-7.680550159818223754e+00
-7.093881189956185551e+00
-7.446198158498622099e+00
-6.657078082439333855e+00
-7.207656193865807914e+00
-6.067044953184759670e+00
-6.864323741718068028e+00
-4.682683782103609360e+00
-7.591977463491466516e+00
-7.278707182341452864e+00
-7.588438979757531122e+00
-7.499548169756175220e+00
-6.482672710974313190e+00
-7.830365445840594241e+00
-7.513817417079050820e+00
-7.479028395271263285e+00
-4.943353039518348702e+00
-5.403927569859526159e+00
-3.622587803254762040e+00
-1.282418610793170322e+00
-3.339642515523106425e+00
-1.382880969679433525e+00
-1.570524826277899910e+00
-7.701601349309165068e-01
1.011101518168731062e-01
1.314794778616353410e+00
-1.622003877887369994e+00
-1.938045508905563930e+00
-5.295406029915711521e+00
-6.126756981746866337e+00
-6.159697081171689348e+00
-2.840386147325941746e+00
-4.220450622710509414e+00
-5.333219269137322804e+00
-3.331862648047265285e+00
-5.410090910691029542e+00
-6.396123599955390482e+00
-6.744253050295966112e+00
-6.450686420180812952e+00
-5.916913956566044241e+00
-6.578788274429196115e+00
-4.053982131493632401e+00
-6.379542763608736067e+00
-6.547236646633208146e+00
-3.406459677623440374e+00
-7.759763226051824780e+00
-6.180137810619316774e+00
-8.076085505526473085e+00
-8.207125662790227594e+00
-8.304555866958793331e+00
-7.657196213998825662e+00
-7.052380856843574186e+00
-7.658860262292122911e+00
-6.959353955126890590e+00
-6.598012091628003617e+00
-3.230518911180780606e+00
1.366546542147185184e+00
-2.002410434953118268e-01
3.349895334567757121e+00
4.754035325887969954e+00
1.020024457447205046e+00
1.562724035585136839e+00
2.034102883444410370e+00
2.780062160071554711e+00
5.270278882293863099e+00
6.585656413862211345e+00
3.150868140437700138e+00
4.772862486023897510e+00
6.427109267825635186e+00
2.981439020105945303e+00
-1.405145619561115611e+00
-4.536325375117795211e+00
-4.172571511299886460e+00
3.820252683325241261e+00
1.194622777755606352e-01
1.825435023398743750e+00
-2.492510048584934967e+00
4.465437751088709439e-01
-3.383388569420748837e+00
-2.858623095992411933e+00
1.129675382453572352e+00
-2.999089265975287244e+00
4.380673111071176629e-01
-1.390905093735555598e+00
-2.362046116033539089e+00
-3.997830185439192885e+00
-4.576875864464844845e+00
-4.698968121323365388e+00
-5.911288549228504330e+00
8.171859901953646421e-01
-9.428003617764333377e-01
9.215605856698935172e-01
4.443592884029604756e-02
-3.012164147305588013e+00
-4.212120738466917480e+00
-5.815596818943184587e+00
-3.674263679898372104e+00
-2.302314565469343766e+00
-2.127211484885946913e+00
-1.549116149326547953e+00
4.450925037084960678e-01
-1.806180594025716291e+00
-5.728623116146851935e+00
-3.911861915260731681e+00
-8.589508002743616588e-01
-4.424585912646517016e+00
3.773707468228244100e+00
4.094265996599694368e+00
2.245693280633698219e+00
-2.916429398592744970e+00
-3.301847027066562301e+00
-3.254336988469946679e+00
-2.249441184529738624e+00
-2.973917272915459709e+00
-3.104395521954776527e+00
-6.111258166416152271e+00
-1.493935928647306399e+00
-5.598375219565323579e-01
-2.345038095493391150e+00
-4.357066848181821328e+00
-2.623971323714315407e+00
1.880912022836347397e-01
-2.420821089910373924e+00
5.109074576216395824e-01
-2.684806328233786843e+00
-1.227568540623457105e+00
-4.743862237168556817e-01
-4.972780246687544814e-01
-2.559126169091301417e+00
4.907857031319957208e+00
-2.130798101830844171e-01
-1.720938282886661952e+00
7.544843111723986695e-01
-4.900972414722134296e+00
-7.488570046615428133e-01
-4.729075964802011423e-01
-3.618918805214887069e+00
-1.746243948204613483e+00
-5.683009633840331531e+00
-5.284699726694040756e+00
-4.593006191661790361e+00
-4.181656308043011805e+00
-3.954595498402297071e+00
-4.325396925468534270e+00
1.934933875735789455e+00
-2.803193240171381273e+00
-3.353269983005859434e+00
-8.045825025644312012e-01
-2.918720447921351546e+00
6.845907642542016225e-01
3.404858909457639249e-01
1.902982068004655858e+00
-8.965950469083420193e-01
-4.252993279785298064e+00
-4.444550134157434051e+00
-6.083303865234135355e-01
-3.303072117753725223e+00
-2.547189471389361248e+00
-1.605320990418436011e+00
-3.874262360996110655e+00
-3.645016764446377788e+00
-4.826441720487507858e+00
-4.039507216005034707e+00
-5.040393969313738509e+00
-3.833177424616472706e+00
-5.451577802169912168e+00
-1.997948519798629974e+00
-2.422967608234056325e+00
-1.616775383208467032e+00
-3.916905783864699231e+00
-4.007290942050011573e+00
-3.410438500891592728e+00
-3.327264281522577249e+00
-3.224114244307165311e+00
-1.160918479666224606e-01
-5.829595374780357275e+00
-1.896357796803514573e+00
-3.599367207821877468e+00
-2.983596533232288461e+00
-4.004166385780518311e+00
-2.304072750377246681e+00
1.367929823118626265e-01
-3.156315739165744816e+00
-2.779941646017922707e+00
-1.621271155251150953e+00
-2.659411673848205648e+00
-3.169404439029099851e+00
-2.245601807179669063e+00
-4.139354592629998386e+00
-1.805594650223907527e+00
1.526840080587710702e+00
-4.175857428271378069e+00
-1.787148447834413290e+00
1.656134522965579059e+00
-4.228838241573725121e+00
-1.469299225088891658e+00
-1.427016002117325710e+00
-3.112622008741238844e+00
-2.566753286469400042e+00
-1.653999649834204888e+00
-2.415381947336195712e+00
-2.805312709192063991e+00
2.471040094810584620e+00
-1.538542390561622897e+00
-4.213960512339506970e+00
-2.979121096103563460e+00
-3.160042690960473521e+00
-2.876698250360084419e+00
-4.519177656746404814e-01
-2.417807694450982314e+00
-3.596822532754193613e+00
-7.789582629892338739e-01
-2.510795789208949191e+00
-3.017807858417491662e+00
-1.797070160599522959e+00
5.735328672662676208e-02
1.060553701753097711e+00
-1.023360852867229331e+00
-2.286621517686664884e+00
-1.960654340353644720e+00
-5.559977742148999313e-01
-4.287193673363339563e+00
-2.317978325289839159e+00
-4.775319153545935613e+00
-1.944403515171141406e+00
-1.575796687478540292e+00
-6.052056075335077168e-01
2.378577290869166472e+00
8.084890397720297273e+00
5.258110640002844782e+00
5.452004985327860709e+00
1.893626270783576926e+00
-8.070175236889943760e-01
-1.523824938204681345e+00
-2.258240785113238669e+00
-3.288558777154955148e+00
-2.326007326102578432e+00
-4.423297862668214897e+00
-4.034092969600387768e+00
-4.435063575225591137e+00
-3.105924346650121848e+00
-1.058100676898649395e+00
-3.055593937499172075e+00
-1.893693723219470160e+00
8.997317060636177422e-01
-2.828627957005678706e+00
-1.166004780882025305e+00
-1.477276172217448114e+00
-1.559231987407889264e+00
1.451819991238074481e+00
4.305445781419760642e+00
2.585291255151835887e+00
3.280204967833411089e+00
3.030420536580153534e+00
3.062540235376545183e-01
-1.903318332737840235e+00
3.800670318319759322e-01
-4.808359594974271012e+00
-1.348481642236782463e+00
-2.300567762718042086e+00
-2.269655621462785877e+00
-2.589785027184347665e+00
-2.730690897219751889e+00
8.910385292074738395e-01
1.616997472548725723e+00
2.019822292582668322e+00
1.472018288380103901e-01
-6.773836642346764414e-01
-3.426040972911941207e+00
-4.222779312935039719e+00
-2.016257874573262665e+00
-5.329993234116540357e+00
-3.490399843209209152e+00
-2.039514115217088808e+00
-3.333664929331600302e+00
-2.310626981536279823e-01
-8.912388459978810573e-01
1.491714066743655254e+00
-1.484287926927615464e+00
-1.512948839565868786e+00
-3.913154957726945327e+00
-3.899549587993651034e+00
-3.756234212564373731e+00
-4.321550222029963528e+00
-3.514885871603869560e+00
-3.100137705259293330e+00
-2.738074858457523408e+00
-4.237842641694078871e+00
-1.662166199258865662e+00
-5.800915630009545465e-01
-3.202102913209226909e+00
-2.017442637785177573e-01
-1.472109390859029254e+00
-2.293338162733692176e+00
-1.691291158199150102e+00
-2.410517497036620327e+00
-4.296238298523602062e+00
-5.524972896961681812e+00
-3.368349132862816564e+00
-5.028399879240136094e+00
-1.837718929959680336e+00
-1.776273422448702455e+00
-2.225898503080352864e+00
-7.850093560973857576e-01
-9.063944276799329458e-01
-3.089892203862389497e+00
8.496510524970653233e-02
1.829741510462834286e+00
4.002960797913703295e-01
-1.307727502022133059e+00
6.196468739094055378e-01
-8.167523779658639738e-01
-2.410234938114734771e+00
-8.301268989032202228e-01
-5.038999732030034373e+00
-1.519055272180881433e+00
-2.458055918794157524e+00
-5.799932743247359079e-01
8.519423751351049567e-01
5.764369805636424537e+00
8.011185985492545569e+00
6.632184236287065993e+00
2.488407369889571452e+00
-1.680797111058851101e+00
1.668095592919054404e-01
-3.441699883962374695e-01
-3.841745853408622846e+00
-2.634941487914690850e+00
7.604133846959134635e-01
-4.216063715821742330e-01
1.561809674634616174e+00
3.071961764409029128e-01
-2.028375779882745977e+00
7.295445880071670386e-01
-2.812460550340417864e+00
-1.889007809715824271e+00
-1.840693382653850962e+00
-4.653292252121043582e+00
-1.887784038774108053e+00
-1.718951333222953126e+00
-2.278789866192455715e+00
-5.182518668354915370e+00
-5.054006182078829568e+00
4.618754767530701133e-01
1.203738641968794987e+00
2.711587416624265501e+00
5.886378166531451406e+00
6.912120340596888957e-01
-5.193254305864553055e-01
-2.552669834936458049e+00
-2.511318531648166985e+00
-4.845229707719512113e+00
-3.767709889348552110e+00
-3.811854426393734840e+00
-4.000952032723373186e+00
-3.448793581008920750e+00
-5.209243407575017137e+00
1.689876631367984439e-01
-2.458318120324650025e+00
-1.540249156828911836e+00
1.369567864018184977e+00
2.092818019656335959e+00
-1.351058049362886315e+00
-3.078844204949849228e+00
-3.834062992133031145e+00
2.809138347694724924e+00
5.173738059232474207e+00
1.188996580097605671e+00
5.923213440634600424e+00
1.061739063270971117e+00
-5.023991733287337391e-01
-1.286903542260425803e+00
-1.819129694290470889e+00
5.142480822106197946e-01
-5.224194719104489515e+00
-1.908404833494244945e+00
-6.184134672029140134e-02
5.176211036037896562e-01
-2.241136756753910053e-01
-2.307328003405570982e+00
-2.572180211912875603e+00
2.579207622419725787e-01
4.897556261520887855e-01
-1.237361844305906899e+00
3.457638193069809129e-01
-4.583784707315417428e+00
-1.641590250106323978e+00
4.870706220497307837e-01
-1.283320811815802598e+00
-1.500410883247656146e+00
-2.406904662253330773e-01
-4.286283715297198427e+00
-1.248346571688426332e+00
3.570883553947025724e-01
-4.171626964343229105e-01
-2.082595708576854943e+00
2.475203565812635009e+00
-4.053638835676750318e+00
-3.434438125219216431e+00
-2.679477124847854608e+00
-2.635847598360876010e+00
-4.178750790009050142e+00
-4.064347991396775939e+00
-4.756238476845187080e+00
-2.621823357929180975e+00
-2.721185715301935204e+00
5.171286479189591834e-01
-2.244579911858096022e+00
-1.294143971903191082e+00
-1.727384795273786189e+00
-3.854481385489132439e+00
1.584556376257477694e+00
-1.410762776287573239e-01
-1.607055086433884172e+00
6.076633510843265640e+00
-1.046152252796399562e+00
3.240005703795496572e+00
-1.970171409971728904e+00
-1.568011825031531359e+00
-8.168062780097639086e-01
-7.088184251745106579e-01
-1.974814764760637331e+00
-1.546452608472569379e+00
-3.669350598133297670e+00
-4.379166849711760179e+00
-1.822275651164446009e+00
-4.082192249868597855e+00
-2.422515277484320162e+00
-3.022593966944528976e+00
2.836391831925390239e+00
-8.945971602310803794e-01
1.536101664135376410e+00
1.590950720030679166e+00
3.012536948467250952e-01
4.261953226531865369e+00
4.427600359654168649e+00
3.629054745835921025e+00
1.974887464410205462e+00
2.699058324268835296e+00
6.731793777371280818e+00
4.372398340615835544e+00
2.272981180721687533e+00
4.391954265658989165e+00
-5.763252612373067629e-01
-1.514797573222144367e+00
4.504983863212470574e+00
7.131986127695959965e+00
-2.863451325402664449e-01
4.939280999329960231e+00
1.297861564758023256e+01
5.492049368821430910e+00
-7.344126217034759874e-01
5.996534707609467718e-01
-1.827651045117184347e+00
-4.266762851366332931e+00
-1.146160948148826852e+00
4.479635885675200407e-02
9.900539920486410850e-01
7.443162413603076066e-01
-4.346672253176890877e+00
-4.564071279329760422e+00
-7.363462338834011689e+00
-7.875789943948340088e+00
-7.421432683541749675e+00
-6.864322040900321831e+00
-7.099500420470029383e+00
-5.483723972876128450e+00
-4.679732426281446145e+00
-6.151068405237277936e+00
-6.444120960964145439e+00
-4.924788544687723757e+00
-6.037116114771090558e+00
-6.041148250181620938e+00
-6.135625681153609179e+00
-6.342706373364163319e+00
-6.857686544698391451e+00
-4.713858580863329983e+00
-7.056392854092991662e+00
-6.952757639132240541e+00
-7.156858570110760986e+00
-7.523927603758706617e+00
-6.210530667620608902e+00
-7.715912859884119790e+00
-6.097135239197560175e+00
-7.096581236381710234e+00
-5.604476997583812903e+00
-6.044275271196982935e+00
-6.105412213318014203e+00
-5.091114977557541721e+00
-5.954239129096883687e+00
-4.478902335858922612e+00
-6.829238793851849287e+00
-5.802993040242482969e+00
-5.484214574591642410e+00
-5.465736637320847358e+00
-5.220737201138896388e+00
-1.997699371002254809e+00
-3.398009764876764205e+00
3.910627681103943654e-01
9.058632899914772496e-01
2.843044100352604797e+00
9.928387697106316745e-01
-3.708951621685132150e+00
-5.412249004770905536e+00
-4.682283864946113816e+00
-6.891180424495313872e+00
-6.636179321295840872e+00
-6.724690672705448513e+00
-6.461891778200869574e+00
-5.775753805649473271e+00
-5.878614015792400949e+00
-6.696763402143129262e+00
-6.614658079677525393e+00
-2.702932111189596753e+00
-6.958260269350183158e+00
-7.807878908019883823e+00
-7.605859317369817241e+00
-7.702409262268784751e+00
-7.101345772363991671e+00
-6.117873569574505233e+00
-2.592550099588217805e+00
-2.859015442341436231e+00
3.995573630080679006e+00
6.014649063651925864e+00
7.926213735247763736e+00
8.885294446069845975e+00
8.382872505248652573e+00
6.609861807372162446e+00
6.487598468118332740e+00
4.718306395293127231e+00
3.872106858835258070e+00
3.405249628841522824e+00
2.065065996722485142e+00
2.519303497361040645e+00
3.566689714075685913e+00
3.912121296157268002e+00
7.092046692911487149e+00
6.147801826028757688e+00
6.018021905044317776e+00
1.969924432327937458e+00
-2.253954552726896932e+00
-3.283859934939049818e+00
-1.634444650865622961e+00
-1.255315715742788996e+00
2.001824933886231062e+00
-1.276851061240947383e+00
-1.304654004930637878e+00
-3.609441175706033622e+00
-3.251329069717890263e+00
-7.100626444341697763e-01
-4.255788657542507458e+00
-2.080395625778979074e+00
-2.193218945727640534e+00
-4.972174276968099882e+00
-3.704383842643256486e+00
-4.401179986198861194e+00
-5.292810146418019279e+00
-5.030754189547724131e+00
-1.673956478444611262e+00
-2.403552433624119189e+00
-5.772982142784197634e-01
-1.753877904744330030e+00
-1.763888931103905433e+00
-6.289264288098306288e+00
-5.472540760520952396e+00
-3.301661682715042900e+00
-3.036335067874464499e+00
-1.340865934746360510e+00
-9.220708805118057461e-01
-1.640075335793072187e+00
-2.750527216838479116e+00
-5.985461672067537542e+00
-2.818941747424067668e+00
-6.354621094659537173e-01
-4.360570038462065590e+00
2.695444420752402426e+00
3.764202194129960599e+00
4.375126580829526990e-01
-3.544372253743137247e+00
-3.221020998586554995e+00
-2.997916679082389013e+00
-2.482395430555957461e+00
-2.664868589252929798e+00
-1.706694385583144458e+00
-4.243877768386695060e+00
-1.745780835525415187e+00
3.239985915961925977e-01
-2.519998745471983437e+00
-3.844647605075888652e+00
-3.079748788564427908e+00
2.937907268609567524e+00
-3.274663383923319682e+00
-1.174196114085588549e+00
2.360205688600538032e+00
1.855932677257736030e+00
3.712752125536674441e+00
3.951546206873732370e+00
2.159055282319616520e+00
3.442515576176245151e+00
-5.567707709793245918e-01
-2.114758252010791040e+00
1.616727627444662474e+00
-2.709193587918123480e+00
-3.101711270327862646e-01
-5.037709156918892539e-01
-2.559059543455037389e+00
-1.276329063908080652e+00
-5.471788737507085720e+00
-5.335355203633326937e+00
-3.900122081559706633e+00
-4.047104587725091740e+00
-4.193066079399287993e+00
-4.742196043894448820e+00
5.560305106232030919e-02
-2.326026984283917631e+00
-3.983192825558843797e+00
3.362972111598033220e-01
-6.261097147702220589e+00
6.890233673418082461e-01
3.156603626912642402e-01
6.748682704315634995e-01
1.297325816691556000e+00
-4.275178921817977873e+00
-4.879084809016038804e+00
1.046561197812076349e+00
-2.500468903608461080e+00
-1.546863634851218583e+00
-2.386800959669420408e+00
-4.192888541404179215e+00
-3.360858678079965856e+00
-4.972271595386284382e+00
-4.278421806209485645e+00
-5.158721934055099823e+00
-3.627306383753571506e+00
-5.695503778407997153e+00
-2.171602376526955425e+00
-2.212412909412716733e+00
-1.162588517709596259e+00
-2.229126387579180690e+00
-3.561769568948074394e+00
-3.066511930780892126e+00
-3.478284031264262666e+00
-3.580458710954708579e+00
-2.871027668635547370e-01
-5.722017299247003308e+00
-1.743503464020279559e+00
-3.897813869829681810e+00
-3.397259790520011702e+00
-4.476209913701966414e+00
-1.811235986008940868e+00
4.972833922425866082e-01
-2.863569063002114223e+00
-2.843314153846188130e+00
-1.759783936704429452e+00
-3.533891312359558778e+00
-2.446631691536676367e+00
-3.124146429468225517e+00
-1.882412118529939171e+00
4.996499179802361468e+00
1.908673786662221206e+00
-2.381381129624320803e+00
-1.570136246773553346e+00
1.783738102215652432e+00
-4.733376483628739528e+00
-2.214891335748624179e+00
-2.158526742764729889e+00
-2.687315772868748898e+00
-1.935843648253055660e+00
-1.808905136060743324e+00
-2.215168736708048591e+00
-2.735433604751242864e+00
4.268717058699303735e+00
-8.508785019193276788e-01
-4.181325932712554483e+00
-2.958043173530781278e+00
-3.268249831845049247e+00
-1.704877221030527856e+00
-2.758762853592161335e+00
-3.672795047270918989e+00
-2.657613328660852314e+00
-1.095397279495590848e+00
-1.317478824289998407e+00
-3.192718958472773760e+00
-2.345486609966810132e+00
-1.197160356505852646e-01
1.405361040727182376e+00
-1.430230163245142627e+00
-2.428574258852054690e+00
-2.499575582470018542e+00
-1.262810598396648443e+00
-4.399978560885994483e+00
-2.513587705863377764e+00
-4.173935503454010210e+00
-2.561087477360828313e+00
-1.582572507638701831e+00
-5.955521665693001010e-01
2.082191102949309425e+00
7.627721602329572193e+00
3.440846410020234725e+00
5.226586259123613409e+00
2.444637698865560704e+00
5.418077614007809073e-01
-2.087455934426121207e+00
-2.174120468351835367e+00
-3.519208862850926156e+00
-2.275532519800384623e+00
-4.464197701649770700e+00
-3.890483365659059611e+00
-3.946078293557949479e+00
-2.860931716343370734e+00
-4.468985814130654322e-01
-1.992472227146587116e+00
-1.930945192327717885e+00
1.544214035229144244e+00
-3.045902230575805003e+00
-1.369534499347576428e+00
-1.164050692174379842e+00
-2.061966002033730039e+00
4.852822899747931018e+00
6.390219397061833284e+00
2.951232044089219908e+00
-3.640215050076807124e-01
-1.774977771865139387e+00
9.923969734607878124e-01
-1.404408701044045138e+00
3.622747071356254622e+00
-4.632564984752668202e+00
-1.487337909391698743e+00
-1.954496429142632552e+00
-2.329216096268796665e+00
-2.369368404092624392e+00
-3.149398553513570675e+00
-3.749120846764861792e-01
2.744517473245513983e+00
3.433747099917036305e+00
2.316510267644880106e-01
-7.265524518423226441e-01
-3.636190020919465749e+00
-4.487581135653576858e+00
-2.556182047486432740e+00
-5.208017726604339259e+00
-1.916073350764644800e+00
-1.914852913137717216e+00
-1.568997615416112490e+00
8.463791002848010114e-01
1.463110007214089237e+00
-6.205808791553552028e-01
-6.667277898408093817e-01
-1.052691012976777030e+00
2.139860944859814484e+00
-1.950200752307151175e+00
-3.926327879874771387e+00
-4.911296545532956692e+00
-3.998675775910079278e+00
-3.056666650839611865e+00
-3.001603514455752020e+00
-4.356533198596340029e+00
-1.716094669789733018e+00
-2.820587821019337471e-01
-3.077599115055953405e+00
-8.078209966403497588e-02
-1.140561818837125152e+00
-2.194753298244440654e+00
-2.000647906508832730e+00
-2.420135489104179971e+00
-4.494760288604144449e+00
-5.043541438656910181e+00
-2.155397769118662765e+00
-4.610662421969021096e+00
-6.795789707835332427e-01
-1.563976311309274392e+00
-6.398597032640861437e-01
-8.545882027605479214e-01
-3.775981007537380307e+00
-3.507358687085565752e+00
-2.678816495507080120e+00
-1.252281281767105403e+00
-9.238327340903502716e-01
-1.627058095379897651e+00
4.313568808520152342e-01
-7.090356864009722537e-01
-1.363114077049290884e+00
8.665644609054641567e-02
-1.939133649956853001e+00
3.668537910506386446e-01
-2.900362251617689680e+00
5.610344491211618490e-01
-5.134649420537152897e-01
4.037680615709529519e+00
2.267809028338798161e+00
3.564333996317360143e+00
1.513433169937625999e+00
-1.692165907300729577e+00
2.067334124124933226e+00
6.152862851197244076e+00
-7.409951002769569204e-04
2.350195309912867625e+00
3.076147567897118407e+00
-2.609627646015229008e+00
2.721800900203225293e+00
-4.561660387344869672e-01
-2.767460347166689427e+00
9.521489908284905823e-01
-2.340126174914789914e+00
-1.146469649576937755e+00
-1.647608293822076631e+00
-4.647321917367221111e+00
-2.457371394343628168e+00
-1.354955900043613326e+00
-9.809844147432712491e-01
-6.170661518835966142e+00
-4.695573281562264611e+00
-2.905295906872780609e+00
-4.007562414226086389e+00
-6.707951398086176020e-02
1.482753858885034859e+00
-1.530060525568622154e+00
9.742958217693713507e-01
-3.564139664811322827e+00
-2.913915758239771225e+00
-4.599528230866286371e+00
-3.169749757666965539e+00
-3.904373636464397723e+00
-4.124013054220593055e+00
-3.346288385399192933e+00
-5.127940616489955694e+00
7.464791634483046445e-02
-2.199744291706347443e+00
-1.721498690249564589e+00
8.226973013593098516e-01
1.919031843834592577e+00
2.554481649891125361e+00
2.751295989715216717e+00
-1.578755588587868353e+00
4.751864551651879154e+00
5.998172923563398484e+00
6.959192457022961298e-01
5.843999017694059717e+00
1.440370868457066633e+00
-1.808790837664709938e+00
-1.351732192477379302e+00
-1.683727274442847532e+00
-1.357928379230683769e+00
-5.796795218900327562e+00
-2.726632480772121170e+00
-1.083251279679928736e+00
6.004988430802044030e-01
-5.536330949506159532e-02
-3.174100448145637188e+00
9.658509828919644713e-01
4.681005244804437915e+00
-1.627448894775480381e+00
-2.393002130634426461e+00
-1.007545940205389456e+00
-5.142421215556193914e+00
-2.834595115517453578e+00
-1.490208052564305552e+00
-6.090761673924675046e-01
-3.481131400139501064e+00
-3.157701592361578324e+00
-2.779103149758233027e+00
-4.742725920542545381e+00
7.300632098052116659e-01
3.257100875130549134e-01
-4.271761181275312569e-01
3.823916092265702726e+00
-2.127471244662540339e+00
-1.398112313958128849e+00
-1.863776956607427593e+00
-3.547821640180317981e+00
-4.988339381328567690e+00
-4.370544253318955796e+00
-4.788198773134287656e+00
-3.391509938941879465e+00
-3.129571349551195425e+00
-5.577395820025707884e-01
-2.979184540516741198e+00
-3.544389687555585144e+00
-2.425113977286726286e+00
-4.036463907449895139e+00
2.842804496397606240e+00
1.929484393516301965e+00
-9.370633066749100015e-01
6.204126494622822285e+00
-8.348896994968239005e-01
1.845287413085155093e+00
-4.801489581306896959e+00
-3.326584531838946646e+00
-1.227401123626979507e+00
4.514102187919953657e+00
-1.196150551226467851e+00
-1.357085926717755520e+00
-2.666421714751761929e+00
-4.510821959195205899e+00
-2.485535788358474107e+00
-4.352790887007482290e+00
-2.381557565824189648e+00
-1.564195400058871144e+00
6.103158830195119400e+00
-4.361486407806672294e-01
4.492988756424153074e+00
1.727128366627955991e+00
2.387575490837612335e-01
4.983913714953664531e+00
1.524525094161318428e+00
5.831985946094697226e+00
1.993245074319580423e+00
-1.120816012850409438e+00
5.775915192821195809e+00
6.874432511503794530e+00
1.210923457405871595e+00
1.163886404193225976e+00
-1.427216002516606963e+00
3.156516222749842004e+00
5.054154387633056800e+00
4.518733421703815090e+00
3.404032464384169732e+00
4.140940053157238232e+00
1.380022399549423362e+01
6.922622840577491665e+00
1.952518116444868612e+00
3.364725041341320999e+00
7.462028659448407097e+00
6.070669110581995653e+00
4.886542937633133299e+00
7.954400673647358255e-01
-3.540408298738026427e-01
9.588173943358176965e-01
-2.115968381970145362e+00
-3.583582592272327005e+00
-6.730117002938864168e+00
-7.721266632271276187e+00
-7.506058262287203853e+00
-5.981334888908476977e+00
-7.630104553439394977e+00
-6.271817986388356303e+00
-4.945997419000826234e+00
-7.857052666043730760e+00
-7.440656794009457009e+00
-6.875520330767263211e+00
-6.942067044841681245e+00
-7.272674525084078745e+00
-7.265908062017772728e+00
-6.007971596461402441e+00
-6.392143345890765715e+00
-4.780384873320398853e+00
-6.993266170938944981e+00
-7.269116107814896033e+00
-6.963316723291868016e+00
-7.089539950744705443e+00
-6.752129872488652929e+00
-5.653214726154454972e+00
-7.719753241231944507e+00
-7.517258440607187175e+00
-5.480719796530060250e+00
-6.677738871792761266e+00
-5.459806496181603741e+00
-4.760534441962573027e+00
-2.599861218809320196e+00
-3.920750348579960520e-01
-9.710483850998148370e-01
8.943022925992559768e-01
4.289410806975634927e+00
5.678853287818179219e+00
1.264047957799225186e+00
7.285314375499280182e+00
6.303084301786742394e+00
6.974530725380406970e+00
8.298995711931651087e+00
7.688494712148542298e+00
3.342943190266691289e+00
1.418855079460191293e+00
-2.428976294793622426e+00
-5.171014084210949768e+00
-5.421219555347806640e+00
-5.500970066166071426e+00
-6.233928492539035915e+00
-6.431925022274992187e+00
-7.297182738307189886e+00
-7.566006442784533270e+00
-6.694568463129610514e+00
-6.805862249503277006e+00
-6.181489818243217194e+00
-6.189498212988246983e+00
-7.140649380445910133e+00
-7.166908954462022585e+00
-6.848174389678515439e+00
-5.999475643204367437e+00
-7.067962801761090930e+00
-6.028330544962013704e+00
-6.217102608984643730e+00
-4.120559730086354122e+00
-2.096013040624856494e+00
4.028076990376174393e+00
5.453686135528005963e+00
3.953354423183718325e+00
5.381158296726468393e+00
4.494699461881452862e+00
1.498729197019138759e+00
4.710784203160823580e+00
3.453262720435244848e+00
3.675503057420769437e+00
5.965531000719565213e+00
6.222597913599531516e+00
4.902862581537671183e+00
7.218155806127025897e+00
7.997410865442360794e+00
8.044146544666949339e+00
1.690952030616202251e+00
1.215626050537947256e+00
1.516358134054211604e+00
4.379938154259469307e+00
2.492256882015640718e-01
7.870355038323741503e+00
6.523153203085210183e-01
-1.213320565920364080e+00
-3.505792297421042480e+00
-3.544089416732285169e+00
-8.414673950697372229e-01
-4.186239569294337493e+00
-1.000220583825783605e+00
-1.157062756298154582e+00
-4.898532986302765124e+00
-4.099271886210621219e+00
-4.083259757579491556e+00
-5.611357260812289915e+00
-3.245769836334241987e+00
-9.413731840478091195e-01
-1.007127510646226076e+00
5.702623115517831964e-01
-1.380802989933782809e+00
7.252035223619434090e-01
-5.789198266605461107e+00
-5.749581839478842049e+00
-3.649201887506292596e+00
-3.389721654599469947e+00
-1.686679767928142226e+00
-1.326965426406771620e+00
2.868363391592196887e-01
-1.579551056040159551e+00
-5.885151452658905491e+00
-2.366806373733960189e+00
-3.491006725632383456e-01
-4.420843117769170938e+00
3.454238086991461731e+00
2.722192747992917106e+00
2.432372811688454928e-01
-2.173986365340867533e+00
-3.040927938415279641e+00
-3.020851185659421123e+00
-1.150645553482340766e+00
-1.801238469251573049e+00
-1.724714677813105945e+00
-4.313288447982652762e+00
-1.673301924455914858e+00
-1.354962497498969354e+00
-3.484800766458427290e+00
-4.491670847477621464e+00
-3.169609888380110263e+00
2.454820898438131227e+00
-4.549097546362860456e+00
-1.834347406682823367e+00
2.551194621970588994e+00
1.954012833867826870e+00
3.498726849190902044e+00
3.250689085550568791e+00
2.307534128430463571e+00
1.427755898594438300e+00
-3.126134092447613089e+00
-4.410661604523171242e+00
1.187461638834958588e+00
-4.437292810442950319e+00
-9.450972433315009136e-01
-8.824952646320441962e-01
-3.246736324435344656e+00
-1.947952910867301712e+00
-5.186411204291843546e+00
-5.041444178342346483e+00
-3.226750891168316482e+00
-4.291992473539839814e+00
-3.329676532719461068e+00
-1.757081025962126120e+00
4.169577769587975991e-01
-2.092059576261582787e+00
-3.598723870913372647e+00
1.172215086100918624e+00
-5.712998042425752487e+00
-6.831554146087578383e-01
-1.198957314021160014e+00
6.496871226154411483e-01
1.777180371560003469e-01
-3.882899806082443117e+00
-5.084674561090588796e+00
7.160429133713576144e-01
-2.829906748974961861e+00
-2.387615459426535303e+00
-1.178575938525830757e+00
-4.440556795671152024e+00
-4.719944409171270117e+00
-5.291941977582877321e+00
-4.699655847088056504e+00
-5.257746998363475477e+00
-3.759844592809688635e+00
-5.591407292888721514e+00
-1.772275667986540570e+00
-2.427043846095337631e+00
-2.262901735471454234e+00
-4.158120497201712062e+00
-3.705127397426806635e+00
-3.427511015499239644e+00
-3.235332711900411606e+00
-3.834618091115947092e+00
-6.287808682461982768e-01
-5.958097659488278630e+00
-1.871018392140868292e+00
-4.072311046577191895e+00
-4.074701344043710982e+00
-5.286045035723438978e+00
-2.753422439722088111e+00
-5.766987484863989044e-01
-3.055106988762258169e+00
-3.590331128180432874e+00
-2.027581796250672141e+00
-3.557967938757306658e+00
-2.466911285608408999e+00
-2.988031671706953940e+00
-2.219858061973007057e+00
3.462407709024004188e+00
2.176123569375635114e+00
-2.567930539249646760e+00
-9.196418151428393806e-01
9.609571674110042316e-01
-4.604621724835817886e+00
-1.635504558762673311e+00
-1.972577643600503805e+00
-2.971703762988462838e+00
-2.985281678245043313e+00
-1.742081467617295987e+00
-2.010815132166498209e+00
-2.604375715831631855e+00
1.829085398906400428e+00
-1.249675126682729731e+00
-4.287284174630070943e+00
-3.122246520784917490e+00
-3.344223638953565114e+00
-3.294203872781526155e+00
-1.643578703958582521e+00
-3.410909541368788211e+00
-2.460604145474725613e+00
-8.370293937332462519e-01
-1.667440515943568125e+00
-2.858438867244884829e+00
-2.302281744373021244e+00
-1.876612644018526288e-01
8.877183184887931233e-01
-1.184403648644766216e+00
-2.353196446555205767e+00
-2.266198095125695033e+00
-9.875405558130010419e-01
-4.290400299365035863e+00
-2.495321211829658825e+00
-4.444324063186322782e+00
-2.679656600222230178e+00
-1.652723007613542405e+00
-5.665297692953542574e-01
3.179885066579478003e+00
7.467496425113200331e+00
7.330695904905835114e+00
6.464925369622378071e+00
9.656550018693396131e-01
-1.604471064689428461e+00
-1.895268579673007103e+00
-2.399272561791771174e+00
-3.683252838463259238e+00
-2.495790417148163964e+00
-4.357159288342778325e+00
-4.066167855267696751e+00
-4.247700363322523209e+00
-3.034171060453317637e+00
-1.010130628407221787e+00
-3.115188315971441302e+00
-2.043445533017267834e+00
1.598437413666598639e+00
-2.786402862090928689e+00
-1.442948936731977660e+00
-1.103620429769868627e+00
-1.807279681257957016e+00
2.610245758230150148e+00
3.880824386904302425e+00
2.147801307274191718e+00
2.710748209495124517e+00
1.154812735710997185e+00
-1.004304529623637032e+00
-2.041381778745090525e+00
2.910422639553179369e+00
-4.569459632800286109e+00
-1.150287756888719093e+00
-1.426257623017067822e+00
-2.110833019898136431e+00
-2.379676842129495373e+00
-3.050772510441881025e+00
-7.252406760213016002e-01
3.441246203249599844e+00
3.144404256578494650e+00
8.336596314469980618e-01
-1.015665735955595173e+00
-3.875167887149143287e+00
-4.559565320617313233e+00
-2.261580743589135523e+00
-5.496360142364907553e+00
-2.091762772216126276e+00
-4.060303675767451104e+00
-4.283018742986418381e+00
-8.648368052192468847e-01
-3.413651855585058570e+00
-9.696018695248950214e-01
-1.850882695308373238e+00
-2.174995772505581737e+00
-4.872866147595454223e+00
-3.842580183557313234e+00
-3.886190104700267600e+00
-4.643225340733560635e+00
-3.515036932329463681e+00
-3.176013671181660225e+00
-3.045702386930983607e+00
-4.502121570191540023e+00
-1.432678692286533328e+00
-3.802879614281778342e-01
-3.102076502599689700e+00
-1.000173819112185197e-01
-1.507822000020468067e+00
-2.265727239104164070e+00
-1.693614244207509278e+00
-2.751567996631907320e+00
-4.450478974931614040e+00
-6.134737193929471033e+00
-4.971633636985623106e+00
-5.318852941501398313e+00
-2.017373875550662721e+00
-1.164194203104832903e+00
-2.129628892073508695e+00
2.762674761441437643e-01
5.928639693950484707e-02
-5.907859481611025254e-01
-1.079454995104454307e+00
-2.459039854536777536e+00
-1.413550553860867254e+00
-3.838809756480527025e+00
-2.157347163131860590e+00
-1.991363264497560515e+00
-2.589240507619238851e+00
-1.543745168813784430e+00
-6.308878303999691184e+00
-1.937491146598599556e+00
-3.392924076821845603e+00
-2.596588823766888154e+00
-2.508685051769456553e+00
7.974545418249220363e-01
3.776891207076287671e+00
2.183958872402220308e+00
5.597379907851952829e+00
2.169475492428546703e-01
7.264172007563588496e-01
1.998768266800073024e+00
-2.517545584648157142e+00
-1.257696046023497161e+00
4.220493170791677073e+00
8.874866983473834736e-01
1.710974764839402695e+00
-1.001658820569173214e+00
-7.325148087767147098e-01
1.976129405615528301e+00
-1.878576511251084602e+00
-2.735124887106795133e-01
-2.459467694606610522e+00
-4.720802163288076336e+00
-2.282320986429382526e+00
-1.495801819611578765e+00
-1.515423580524111635e+00
-5.549111906376352543e+00
-4.569110045775958362e+00
-1.619791634142217829e+00
-2.086205578806216376e+00
1.395088339764368968e+00
6.352904567534150893e+00
4.015245013764462634e+00
9.843038895921920606e-01
-3.518771393108149237e+00
-2.171032677183813764e+00
-4.664021063273757761e+00
-3.567831570517438156e+00
-3.996408883286199032e+00
-4.350089069141663600e+00
-3.838828456906481890e+00
-5.398491545484280785e+00
-1.368714599655808106e-01
-2.208818388043473746e+00
-1.630584889411791139e+00
7.889310174666460673e-01
1.589179636910747817e+00
-1.976542613427527684e+00
-3.193379933745912336e+00
-4.060361482610541195e+00
-8.223934410319517774e-01
5.817818006917232054e+00
3.267371384337496298e+00
5.717452221145614466e+00
-9.300052721517955423e-02
-1.942581961568109472e+00
-1.638444655106194636e+00
-5.226635173181261029e-01
-1.409070768981230737e+00
-5.823673395195640090e+00
-2.532547651984620618e+00
-2.048770100892869817e+00
1.209331812058686700e-01
-2.062910544111999478e+00
-7.735638608591433041e-01
6.230897076867289108e+00
2.960008059102259725e+00
-2.947132918767665366e-01
-1.221199201855053929e+00
-5.597905255793746981e-01
-5.107520604757889160e+00
-2.747611048339207773e+00
2.504846700929804215e-01
-3.451434499253652088e+00
-5.905655494854996412e+00
-4.130712234642557767e+00
-3.115394619664742404e+00
-5.533378342026630037e+00
-3.120412192571620391e+00
-1.412583598744286517e+00
-3.602949823053162248e+00
1.530494514613867763e+00
-3.672753308374867132e+00
-2.117878375556516701e+00
-3.005775477684393238e+00
-4.102312644744928072e+00
-5.438026143821122815e+00
-4.121935841721970029e+00
-4.842014590069532609e+00
-3.957201468725232818e+00
-1.958914521344424342e+00
9.582561858742911776e-01
-3.130255337858652620e+00
-2.875267493335917468e+00
-2.210254682498157930e+00
-3.947303420841279387e+00
1.133547816417383780e+00
9.098292012395944317e-01
-6.474884316523271677e-01
6.167031582525147826e+00
7.362825513659036758e-02
2.703375281850628031e+00
-4.161461686591901632e+00
-2.496040235144575181e+00
-1.320090024286162844e+00
4.772724233904723334e+00
-1.713972108015021922e-01
-1.693374425857567145e+00
-3.093431414458157835e+00
-4.595772353541790700e+00
-2.744971842941636542e+00
-3.974586966690574652e+00
-2.317482025401219392e+00
-1.137022136866114863e+00
6.785093922574925607e+00
-3.524384444471743705e-01
6.101280811347770339e+00
1.168362787981266360e+00
1.033407661583914949e-01
6.165714484011929564e+00
5.310301051672085215e+00
5.252432656979610925e+00
3.190517269678978973e+00
-6.178789359387678592e-01
3.498798097062672863e+00
1.990370816406509702e+00
-1.145670465394525772e+00
2.091243478277566847e+00
-1.377713414044699825e+00
-1.176491842451931946e+00
5.071125295312385539e+00
4.677922732954578500e+00
4.556207189608602270e+00
-4.178286824125346577e+00
1.315923297541209003e+01
5.562345452271529211e+00
1.590533118147339886e+00
3.020668082425835177e+00
3.563596687120053286e+00
-5.553315865002464990e-01
-1.857661314328198365e+00
-5.137941715275858634e+00
-5.878206622193775210e+00
-7.107477416149833971e+00
-6.318245437145189491e+00
-4.434314488179901481e+00
-7.084256167635352597e+00
-7.561890103112722805e+00
-7.189714298306790319e+00
-6.622714782444925952e+00
-7.180322810929417265e+00
-6.192694152852832978e+00
-4.797522772950274295e+00
-7.759934222521074787e+00
-7.437056701069068687e+00
-6.612203543707077635e+00
-7.304439169126049514e+00
-6.606164595405328299e+00
-7.271409283317126437e+00
-6.192971049474748746e+00
-5.338715135016329327e+00
-4.773191737452402883e+00
-7.164621329332647726e+00
-6.417467383957933258e+00
-8.022935098695421985e+00
-7.971097637609108055e+00
-7.435408906646511440e+00
-7.704766657690789167e+00
-6.933824960098025514e+00
-7.098747342586257503e+00
-5.217085942377909014e+00
-6.896108958089816277e+00
-7.012055632818804618e+00
-6.353538208319558400e+00
-6.278076257189024290e+00
-4.234151623539504250e+00
-5.985089668998139878e+00
-4.417881939234326261e+00
-1.484113175396514217e+00
3.229805933061850709e+00
4.011471740439336298e-01
3.969689216590566172e+00
5.372677382868108475e-01
2.459976886721988887e+00
-5.575178042419125513e-01
1.371518919982532170e+00
1.961999836969255062e+00
-4.628775680681630256e+00
-3.024233954456026385e+00
-6.367683840221112668e+00
-6.474778321611417198e+00
-6.959005272064460179e+00
-7.294141507865091079e+00
-6.817380135757564297e+00
-6.944547249999872385e+00
-7.341834225937468261e+00
-6.370091893147183271e+00
-6.739964614431925405e+00
-6.336010945189766375e+00
-7.196230790718065151e+00
-7.753222068853292903e+00
-7.527599832080388076e+00
-7.441209241827131393e+00
-7.566197370422744761e+00
-7.348667899657621128e+00
-5.205677086267290754e+00
-6.098430717372695931e+00
-4.622265796090494483e+00
-1.979890835647637459e+00
9.525184727967446474e-02
4.963899317976350645e+00
7.647220998546250037e+00
7.032058094134382209e+00
8.298427427859863315e+00
2.673058627466598836e+00
2.105396637754536560e+00
7.041081970602228068e+00
1.479848048835969543e+00
4.552869115022974533e+00
5.179230308651778358e+00
5.712748314961362261e+00
4.569026399440550890e+00
5.855816454851265895e+00
6.757935999223384727e+00
2.812673708539199069e+00
3.335806106198320742e-01
-4.329164941650736620e-01
-7.926471718403697020e-01
-1.818030635539940043e+00
4.799536592463272910e+00
-7.124676271827808938e-01
-1.476914285078865463e+00
-3.789370311268095204e+00
-3.561263293864646684e+00
-2.999495979188916972e-01
-4.169668650411091804e+00
4.140894458991580263e-01
-2.176718293963977313e+00
-4.652986521640434248e+00
-5.371149998514167301e+00
-5.002954035190136928e+00
-5.940178574387835475e+00
-5.465548359088791663e+00
-2.566301067123016200e+00
-3.332299058410086445e+00
1.801027082474581986e+00
-1.356989749107246679e+00
-4.979608928579509097e+00
-6.122054737872322683e+00
-6.161672678918963975e+00
-2.864523920683094360e+00
-1.499707279027125750e+00
-2.822368778135613709e+00
-2.275333181886214362e+00
1.752963179399537941e+00
-1.805365022798625985e+00
-5.908367845305387611e+00
-2.103847337993923539e+00
-8.848720046658780092e-01
-3.700069829062615057e+00
4.673664349928905892e+00
5.174389778168239751e+00
8.205781734894648238e-01
-3.081242829811686956e+00
-2.889834223095078425e+00
-2.780610727311098263e+00
-2.892526919466146040e+00
-2.767708687416851721e+00
-2.611261793916125118e+00
-5.262058078110825932e+00
-1.249306302246863343e+00
9.970392449382486921e-01
-2.483544026602977350e+00
-4.356269482371878610e+00
-3.310398930445586974e+00
-1.721347478202642334e+00
-2.148660776227370173e-01
2.884545924901083414e+00
6.849678213662543591e+00
9.942602111180433022e-01
6.630461969463556038e+00
6.292513014663579263e+00
2.439670627986411322e+00
3.680326642412409033e+00
-2.085896972318462161e+00
-3.633374437183940042e+00
2.710307260894091907e+00
-1.882007226919210963e+00
-1.245506015247219711e+00
-4.622194354427879293e-01
-2.555339615534395481e+00
-2.027199903221939437e+00
-5.067312651600804685e+00
-4.776695836571686726e+00
-3.822339661446638726e+00
-4.673482405787951599e+00
-4.980263537462010781e+00
-4.233893907242786803e+00
2.177587848485470490e-01
-3.153680669831768757e+00
-5.698403400776165917e+00
1.325676547154455986e-01
-6.148934183219920691e+00
-8.011086977319097080e-02
-1.491795074697457535e+00
-5.465430792229145629e-01
-9.120325274243660241e-01
-4.011109290627646651e+00
-4.524439781291589746e+00
-2.092251483853649618e-01
-3.100886454530986214e+00
-1.979268561401165138e+00
-2.292492733835647556e+00
-4.181250904310545913e+00
-4.373373028748800628e+00
-5.207577044467670113e+00
-4.137288746360270331e+00
-5.378172476426096971e+00
-4.046845199234830659e+00
-5.552343463670630364e+00
-2.459281349730751742e+00
-2.333260234727209781e+00
-1.368965756412759305e+00
-2.903760564513259368e+00
-3.519688764709177686e+00
-3.579428371390687591e+00
-3.681585791018625375e+00
-3.142047961357548491e+00
-1.442582757507165914e-01
-5.783240177692673178e+00
-9.439438379944439239e-01
-3.880174846608956951e+00
-3.496822147821700977e+00
-4.847155491739886024e+00
-2.665419952847189133e+00
1.598785565317602242e-01
-2.855974508639312237e+00
-2.427923021538870074e+00
-1.536957746923208079e+00
-3.102377277649313481e+00
-3.030276617381506554e+00
-2.443604257673205105e+00
-3.240484198658865278e+00
-1.008637995083362382e+00
1.399467752874257398e+00
-3.306805641297971388e+00
-2.806488840383224215e+00
1.500205406735259095e-01
-4.648631546816184290e+00
-1.266694044635812366e+00
-1.228718467339404707e+00
-2.975108958706440987e+00
-2.589930945030760157e+00
-1.325279392659765021e+00
-2.171623391402050629e+00
-2.236745523248969025e+00
2.543584729676046319e+00
-3.357493544498717508e-01
-4.081187082090375284e+00
-3.274341378225610555e+00
-3.467683320925453838e+00
-3.108789605955683211e+00
-1.872977589258892683e+00
-3.096646437523896456e+00
-3.889111146067689706e+00
-1.792598954133644229e+00
-1.809236962938510773e+00
-2.825750832248470790e+00
-2.904826597430045343e+00
-9.975904899961918204e-03
9.246459238754711762e-01
-1.215337407411259729e+00
-2.050161312169862970e+00
-2.011897754819219397e+00
-1.212035567863500418e+00
-3.912036226840424291e+00
-2.370984279559157581e+00
-4.144784442356360010e+00
-1.539873084005051851e+00
-1.478659245962448132e+00
-6.603216735149872729e-01
4.102234386087286189e-01
6.695409722232327887e+00
2.548772245067622677e+00
5.237761110404274945e+00
1.355721956117447391e+00
-1.305894584833374505e+00
-1.547901709712759866e+00
-2.196615673760040188e+00
-3.480296265653452181e+00
-2.345981662402625734e+00
-4.438123248072757931e+00
-3.842141239103335604e+00
-4.115987411842218613e+00
-2.430903627433122161e+00
-7.230147682662101394e-01
-2.929665796441134784e+00
-1.982989566339004917e+00
1.733283911335139704e+00
-2.794165213041906792e+00
-1.063163430760993622e+00
-9.310002017025301724e-01
-1.483567113271433868e+00
3.292409598191873954e+00
3.400805287447015157e+00
3.129218648388167878e+00
1.822291664027021030e+00
1.795897700510670658e+00
1.009859571805068912e+00
-1.128404453604006985e+00
3.053991869025486583e+00
-3.137366473401899114e+00
1.129534469325726542e+00
-1.658509431932282618e+00
-1.474752875577803657e+00
-1.444789513278494697e+00
-3.015080332560007292e+00
-9.959137799818830183e-01
1.425580542587116417e+00
2.335821179469679709e+00
-1.058862819149810841e+00
-1.105900013839538065e+00
-3.813578326600300272e+00
-4.433429666529213442e+00
-1.984456135113286779e+00
-4.775762318495362813e+00
-1.928549596505494179e+00
-1.725671104802910527e+00
-8.105334775424678506e-01
2.755009434172533744e+00
5.439037312561770143e+00
3.832836048274938623e+00
8.106922909330894766e-01
-9.300984186719665203e-01
-5.884577166324754804e-01
-3.322600500254859757e+00
-3.793610574784542333e+00
-4.177569543601054924e+00
-3.139083687638142717e+00
-2.941684030997459676e+00
-2.993633691328288382e+00
-4.717091088684811417e+00
-1.787131455218332832e+00
-4.213921412471809957e-01
-3.179938782261400032e+00
-7.584449963030252817e-02
-1.286246908042045112e+00
-1.837189018413188490e+00
-1.692414128099400727e+00
-2.648243714074330235e+00
-4.058724022155161926e+00
-4.090980816927944907e+00
-2.808801300713286153e-01
-4.561978559771998398e+00
-1.109613200923816878e+00
-3.039527499504218189e-01
-2.140615345248058077e+00
-1.046999659989696463e+00
-3.726574010958300320e+00
-3.696905979287152366e+00
-2.465521236749995904e+00
-4.031362423741704504e+00
-1.957195305653935513e+00
-2.958237692366722182e+00
-1.170953408258686990e+00
1.276489801007461677e+00
2.258247519087938304e+00
1.439436232883543498e+00
-6.169476061723065952e-01
4.157069609993413017e+00
-2.169152536852688440e-01
5.349530343275385569e+00
2.696176856498360142e+00
5.545726278524935715e+00
7.901497562533696062e+00
6.286854192302755884e+00
5.337288416350411957e+00
5.675733260685819737e+00
2.554742735911232021e+00
4.461881529918831468e+00
-1.724253498089162617e+00
-1.359250600162833278e+00
1.695816001435839437e+00
-2.247314328953435414e+00
1.622842808387723545e+00
2.604830655965600372e-01
-2.611782569248553454e+00
8.715429250277116902e-01
-2.093747562822757757e+00
-6.498215602822122738e-01
-1.160007336707678194e+00
-4.796536182401394122e+00
-2.172725723740174697e+00
-1.837605914806816676e+00
-2.131226091118758159e+00
-5.546423101208848294e+00
-4.886202092199340541e+00
-4.298300233962462080e+00
-4.023400121866639978e+00
1.688275309441824135e+00
2.090264774489765998e+00
-2.753710683785298485e+00
-1.193511485101898861e+00
-4.501672910822050788e+00
-3.497781449078155802e+00
-5.639974784027366184e+00
-3.603786466928852406e+00
-3.752972630280566602e+00
-4.114148297851598635e+00
-3.224652542935005695e+00
-5.383653449872629615e+00
8.586269652636180361e-02
-1.217236571849506843e+00
-1.444386134814068079e+00
2.001246671566794699e+00
1.911553229874767723e+00
1.295522940182315397e+00
9.959929678544044984e-01
1.858233067608677125e+00
3.026244332522932012e+00
5.027002863427636470e+00
2.356775148892730432e+00
3.662405100224423560e+00
1.013541206439144693e-02
-1.153924908916333036e+00
-1.553416366884529110e+00
-2.752014843140335731e+00
-3.608794956272344479e+00
-5.517097247169203023e+00
-3.205431883018121653e+00
-1.278333477135960683e+00
9.189879405082986841e-01
-1.376199957531057727e+00
-1.750300842175274596e+00
5.929029032213398720e-01
3.371914724591737578e+00
-4.617478535528078409e-01
-2.459169957463285261e+00
-1.115694114342270948e+00
-4.467112605819294480e+00
-2.490202236340495645e+00
-4.081258970310332579e+00
-2.667099591712222217e+00
-3.677488056324403676e+00
1.166954909973131782e+00
1.763859893273539148e-01
-3.699727984143837745e+00
2.675278822914785692e+00
5.972137491884555338e+00
9.158873614878539904e-01
9.497168331134407948e-01
7.655493478527285456e-01
-3.331228317596751420e+00
-3.817506298403177123e+00
-3.842778795085339372e+00
-5.393543609596907373e+00
-4.566391991790055727e+00
-4.609663970540763600e+00
-3.110695873872883599e+00
-3.125062377139178782e+00
2.267388552379368871e+00
-2.769567278223200812e+00
-2.355954767775400249e+00
-1.641500239243679715e+00
-4.185156975681499247e+00
1.884275832127391581e+00
4.458508872039140258e-01
-1.663319872978423986e+00
4.168164803416694930e+00
-1.357110226352362226e+00
2.265034860666061522e+00
-4.580024501635165279e+00
-2.612835668306801029e+00
-2.844999995091606504e+00
3.535667421862259019e+00
-1.572484964252787387e+00
-3.420962013852614891e+00
-4.595582211113864446e+00
-5.152509547256602929e+00
-3.150774334055715276e+00
-4.310380493512043110e+00
-2.872715142311387027e+00
-3.374057601881939039e+00
6.215710003447671994e+00
1.518682124536810507e+00
-8.866055763371938347e-01
3.810225276732858712e-01
5.861075534143718180e-01
3.460371805799809852e+00
5.472421904088161426e+00
-4.295946787744336359e-01
9.914496753436324861e-01
-1.915555941441541288e+00
-2.808141362817364595e+00
4.039995171072249813e-01
5.425620081404928241e-01
3.325998619425971636e+00
-2.830717027152592546e+00
-2.209050001356465120e+00
7.111039642625199830e-01
3.059088130647938275e+00
4.552612382933334700e+00
-4.106297090850092424e+00
1.302566095164753612e+01
