3.520332498146689915e+00
-3.895612689115653726e+00
3.035095649348107938e-01
-6.874189815901506906e-01
-1.566403552330132731e+00
1.286440466137277916e+00
4.829134563547409442e+00
1.861604593590171275e+00
-4.572313203056808995e+00
-3.618430934689616407e+00
-5.901540866162221732e+00
-7.352902115841891906e+00
-7.337929150573024195e+00
-6.819961405244389319e+00
-6.824167828325059304e+00
-5.097772344785489018e+00
-3.549287203229150478e+00
-6.545910208800044927e+00
-7.256071548177682295e+00
-6.503847628048466056e+00
-7.360037156385963009e+00
-6.687925202698892235e+00
-6.915203414244217583e+00
-5.497561097278029330e+00
-5.617444361082536197e+00
-3.881355681970045879e+00
-6.807464910587436968e+00
-6.838739687417362489e+00
-7.171574943535234503e+00
-7.490895273384505337e+00
-5.375794404730627640e+00
-7.534883042281243171e+00
-7.319481257008654929e+00
-7.538687098530787445e+00
-5.812777082926316119e+00
-6.988981661292767988e+00
-7.210782770426760635e+00
-6.697265809142950665e+00
-6.824061771918112917e+00
-3.336937801522494862e+00
-3.513808577410284073e+00
-1.771315154313724660e+00
-5.405847228351022826e-01
8.934818391560837014e-01
3.282603487639139672e-01
-1.236040288633351247e+00
-4.323547299034067315e+00
-5.753052059999902212e+00
-5.267898988440614438e+00
-5.035163414043373642e+00
-5.817157293761632708e+00
-5.198300181791885244e+00
-3.759190393683642384e+00
-3.331500849187438273e+00
-3.804554517561209881e+00
-3.888491395997668576e+00
-6.405699168344913375e+00
-5.178085901363792765e+00
-5.016659024840957493e+00
-4.501065871077358338e+00
-6.724206284330290551e+00
-6.575602724666100407e+00
-4.595074298998683027e+00
-7.226160597412534692e+00
-6.189518085043828499e+00
-7.488477832352419483e+00
-7.166488915199109577e+00
-7.724387071152318818e+00
-7.367569936441214828e+00
-5.951208241779991859e+00
-6.326992862119723782e+00
-6.095030456553818254e+00
-3.607300843073657948e+00
-4.111729521997426140e+00
4.137200028933904483e-01
4.138286325296085089e+00
4.288653069739313928e+00
8.466547056097830648e+00
6.118196093475819275e+00
5.564941677112275720e+00
4.802786946120074951e+00
3.734927342509742232e+00
5.458122368003127889e+00
4.089456253166734889e+00
6.791553405297309887e+00
8.825409029985232578e+00
6.993185408187394536e+00
4.799895921118195297e+00
5.871144329864613098e+00
-2.215633253677304015e+00
-3.916760324408027572e+00
2.660983900797391777e-01
3.760882204973014620e+00
7.074473394849590813e-01
4.520010610633947046e+00
-3.510126632400905056e+00
1.713547468491866566e+00
-3.043487134250812076e+00
-1.162180981747148012e+00
-7.901786483658091997e-01
-8.427785544688592978e-01
2.084643977080299138e+00
-1.264864359892625467e+00
-3.908920311323886398e+00
-4.768866739815448952e+00
-4.680815754230780890e+00
-5.439809828513920031e+00
-2.635917687839905099e+00
-1.641034940393777175e+00
6.185213341904888251e-01
1.221263481068906254e+00
-1.820196820618735778e-02
-3.873432503764071555e+00
-4.686452570339771029e+00
-2.593779236960606305e+00
-2.242861456745194548e+00
-1.462195415434759171e+00
6.985784432208786976e-01
-4.646800705184794267e-01
-1.490837420684526959e+00
-6.490758861205231378e-01
-4.113015042686627432e+00
-2.074993523473318557e+00
3.283050814623418301e+00
-8.407923652646219770e-01
2.267988982561408573e+00
2.175392427425698827e+00
1.929447784417863021e+00
-2.931137057728690820e+00
-7.427358741692887678e-01
-1.614399358969629050e+00
-2.155770254088252624e+00
-1.202296733273075624e+00
-2.552353696980848241e+00
-1.778738586167078140e+00
3.628324567971072945e-01
1.080495370433037339e+00
-9.210368960689603313e-01
-4.027400871677008887e+00
-2.138059490249064609e+00
1.335058389454129468e+00
7.297239037900337122e-01
8.547621488507113618e-02
3.660442064509537019e-01
2.167702732548275169e+00
3.629405717958987254e-01
-1.495520412559205203e+00
5.879022291803752687e-01
3.942802842841096833e+00
-1.387225809401970933e+00
-2.490089258675025619e-01
-1.313548526450117215e+00
-4.743559126511130764e+00
-3.845686689530944946e-01
-1.220474395510731336e+00
-1.518184328850049392e+00
-6.631876679260986229e-01
-3.642625749462995444e+00
-3.775244495512765308e+00
-2.892108319171812436e+00
-4.013488594150710576e+00
-3.576705638438646417e+00
-1.805193178054534942e+00
3.248609291148218503e+00
-2.047335836577439672e+00
-2.889982527198657891e+00
2.645423114510793372e+00
-2.334054563931654780e+00
4.577611754898984198e-01
1.408517848539709183e+00
3.820180631189628695e+00
1.122009936916008366e+00
-3.672729313081167124e+00
-2.952584450534954996e+00
-3.258919644041531338e+00
-7.184305309084271229e-01
-2.877993293919097528e+00
-1.956091052217986181e+00
-2.465842030684965991e+00
-4.284170496893991320e+00
-3.422063911630753186e+00
-4.382975276535518994e+00
-5.950782061601672446e+00
-2.151848921180490759e+00
-3.036660606023881215e+00
-7.028189499194633649e-01
-1.933831758161364656e+00
-3.216930155425393512e+00
-2.822249627343364153e+00
-8.847546544096878129e-01
-1.594957991648328521e+00
-2.864563508089930988e+00
-7.473507023361973534e-02
-4.311593994953478171e-01
-3.648877625325766427e+00
2.268813205585245019e+00
-1.397162404350453135e+00
-3.802469476928016956e+00
-3.223454414972477533e+00
1.863593592828273637e+00
-8.776498063113439274e-01
-1.728539823612064597e+00
-9.190397018027455234e-01
9.929045488836828193e-02
-1.587455699665428099e+00
-2.280482286133138192e+00
-7.085844488384732687e-01
-1.676036977224831803e+00
1.459870158364091397e+00
1.986596399092934062e+00
-3.060820539727112877e+00
-2.660878797835885545e-01
-2.125500517054268013e+00
-1.293325164408244854e+00
-5.458569730317721636e-01
1.311077611230413220e+00
-1.411566134248474436e+00
-9.616872196728182276e-01
-2.637651025951351924e-01
-2.712227420678851697e+00
-4.354061258882920699e-02
-2.569894123775530725e-01
-1.327524572194984875e+00
-3.822685603251691600e+00
7.557693538681240497e-01
-7.347184047026161791e-01
-2.615832416587953180e+00
3.813480364321106264e-01
-2.066417914090658225e+00
-1.382095469041521030e+00
1.549524658875054639e+00
-1.451036907171935786e+00
-1.423128707577647534e+00
-6.584005924365853302e-01
-4.055447926392966029e-01
2.203698697022219655e+00
-1.462876669690958531e+00
-2.002015503305519584e+00
-1.746541685619766637e+00
1.397643175448424202e-01
-2.139769831132769085e+00
-2.358887887688814633e+00
-3.564765200877578977e+00
-2.821915420200947211e-01
-1.777318944745280405e+00
-1.243746935332100012e+00
5.943143825784539258e-01
7.686526586671330818e+00
1.894946871790695653e+00
4.404388407116775817e+00
-6.660557837895327848e-01
-2.828787658953823669e+00
-1.999199680815065605e+00
-7.896871748539128211e-01
-2.532793941911746227e+00
-1.394541464576392942e+00
-3.659912980279041772e+00
-3.279443258961312946e+00
-2.151743959681549523e+00
-2.247833221670595183e+00
-2.441658638161709749e-01
-2.352823522830522318e+00
9.123644368110427338e-01
-1.930524532636812785e+00
-1.334877047482647683e+00
-1.020481811845121989e+00
1.833505227265873394e+00
2.913574581046193046e+00
3.572661106783348028e+00
6.228829775609241892e+00
3.795556496742435448e-01
-2.158294187045538326e+00
4.161826132651603949e+00
1.048205441377595193e+00
-1.720929579489701711e+00
7.928907886351920231e-01
-1.847526139810111268e+00
-2.350454982091216394e+00
-3.215760709474906887e-01
-1.646636313505694060e+00
-1.558128119757920205e+00
1.028870034946647527e+00
1.900401463779506139e+00
1.261946261771181410e+00
1.458453910123216124e+00
2.969275877274575759e+00
4.990769614368062435e-04
-2.830840456261906724e+00
-2.437148955982723297e+00
-1.773495262192542166e+00
-3.913452026540123807e+00
-1.333774830082005147e-01
-1.261409087479591795e+00
-8.727397254499437151e-01
3.442686047850065822e+00
4.930915398390063764e+00
3.262888052653507120e+00
2.456864339894208715e+00
2.964888640435962230e+00
-2.066738067763838504e+00
-7.822033719324625878e-01
-1.486561320217530513e+00
-2.932260455404030353e+00
-1.968483064934338556e+00
-3.059838904543381588e+00
1.292747121913973285e-01
-2.523954771829752364e+00
-3.909306471675785821e-01
-1.839418267584444600e+00
-1.262636993705684718e+00
2.082124288556684188e+00
-4.131570798626143376e-02
-1.069709026878728375e+00
-2.088669516964409556e-01
-1.529601300647825513e+00
-3.981107514188491070e+00
-1.995667434746576596e+00
-1.302289421430651961e+00
-2.558956617059771954e+00
-5.669734456677552048e-01
2.864888615613047640e-01
1.114902652462879340e+00
1.068189046175412882e+00
9.872521376782463776e-01
-1.028758266708434954e+00
6.799198122131234756e-01
2.879155941599181312e-01
-8.897509903564460032e-01
2.171907351768602723e+00
1.792679369865795236e+00
1.361894263583958820e+00
-8.267707708527648469e-01
-7.539016738659762851e-01
-2.764440427964121483e+00
4.004012235609249792e+00
-5.820775425963776728e-01
3.451951747263780845e+00
5.860479438643284134e+00
7.082341610521520892e+00
7.711232471908966879e+00
7.737981049937647349e+00
6.300456021271514828e+00
5.552486472255254490e+00
2.912002342142972378e+00
2.085389292786965942e+00
-3.576703744159250298e-01
1.223874781966502345e+00
5.036085279430086104e+00
2.275581848942719532e+00
1.956365034464359942e+00
4.241645230837769454e+00
-1.390107722378107091e+00
-3.373293068028238917e+00
-1.689567153282354184e+00
2.006089991009143425e-01
-4.247843962229629788e+00
-2.654532647557879432e+00
-5.968066610442215314e-01
5.674726047927328709e-01
-4.021852362941677583e+00
-3.330166968356356616e+00
-3.793228027013692216e+00
-2.797697513412873982e-01
-6.328619452749206786e-03
1.955916048302079657e+00
3.647969395355888711e+00
7.369525683246321013e-02
2.008028941205317164e+00
-3.267501042653167875e+00
-5.181604035590182455e+00
-2.984223728567412248e+00
-2.285011812504693651e+00
-1.576840518812568703e+00
-1.148609772072019419e+00
-2.041930512926128038e+00
-2.948102839853361967e+00
-2.860135829709333777e+00
-2.130511615911558465e+00
-6.112126758857503450e-01
7.329789710006194836e-01
4.550577238979106376e+00
1.913077647427541494e+00
1.701555043119278743e+00
1.776346849406047035e+00
4.902248280574234229e+00
5.260828003644548723e+00
3.698084151195636604e+00
4.033167824947682334e+00
-4.884430650856703693e-01
-2.602689224260444245e+00
-8.922179087335022629e-01
-2.177383807907110835e+00
-6.645606115577680217e-01
-1.744480773570654231e+00
-1.352014619456506139e+00
-9.134544843477941933e-01
1.895917873461252512e+00
1.559089387569459362e+00
3.067773986198814654e-02
-1.627389801450856543e+00
-7.212829983178471460e-01
7.963988089149109939e-01
1.630500842555128171e+00
2.825873030862009472e+00
-4.547232863686417659e+00
1.203646404403255765e-01
2.196294152162022506e+00
1.729579465769201185e+00
-3.789743359541303813e-01
8.284417764061160483e-01
2.257297508038598632e+00
4.283918914987054016e+00
3.443881453581314478e+00
3.685548364000000188e+00
9.054781616517709741e-01
1.202231132880848818e+00
-4.119615974361867106e-01
-8.252692933792172836e-01
2.622039946486893203e-01
-1.246516509113840376e+00
-3.213728006294942485e+00
-1.439699007952077947e+00
-2.720475820624848495e+00
-1.272983724401316463e+00
-4.778465841121693480e-01
1.513098353460033296e+00
-6.651163153319282761e-01
-9.410586076150920798e-01
-4.554153344680387683e+00
-1.175757944703203606e+00
2.530735317792110473e-01
2.118787106283255284e+00
-1.695843192958805146e+00
2.707303894430429292e+00
6.254205234867645791e-01
4.263113579619749238e+00
-9.386835041451804251e-01
-1.654905567997524196e+00
-4.461460828079697460e-01
6.352520116386868587e-02
2.583631865146771567e+00
-1.465584465855953811e+00
-2.138395826633557206e+00
-3.817590437757643063e+00
-1.370623362269655976e+00
-1.595854304369311860e+00
-1.950803523185815846e+00
5.300236737358774569e-02
5.082181309273164693e+00
7.092265925698124640e-01
4.416597354368658301e+00
4.303515502859336372e+00
3.337817687581123294e-01
1.519320404729896934e+00
4.515158509485705629e+00
2.288534909283701513e+00
2.775929738338341335e-01
3.148049295489008248e+00
5.295010599043436628e+00
5.631769665762056398e+00
2.869571142496484484e+00
5.228672948823021471e+00
-9.564536927334850169e-01
3.885189403062282221e+00
3.866297340735349142e+00
3.810535692643240768e+00
-3.664116713275505366e-01
3.338707502785007275e+00
1.039102045313163991e+01
-1.333996828732870732e+00
-3.190706548137508758e+00
3.977006954934460214e+00
1.306661720120624759e+00
1.237557367931495289e+00
3.360083198835821516e+00
3.030928687077997008e+00
1.252242055835009360e+00
-6.219403120939346330e-01
-2.517890361319005788e+00
-5.761020813732080192e+00
-6.881002763250748444e+00
-7.211920546149030997e+00
-7.040940743016469661e+00
-6.525684493870593350e+00
-5.176385337435476686e+00
-3.578237883420783749e+00
-6.423960365479914003e+00
-6.782592998342757973e+00
-5.124722702020796383e+00
-6.372242620708097327e+00
-5.565247389905579212e+00
-6.511584459385396428e+00
-5.986653168224811417e+00
-7.151107148154067339e+00
-3.743184180006471795e+00
-6.477519825681620880e+00
-6.487120145491803491e+00
-7.624601311109561408e+00
-7.283530974229446286e+00
-6.474375284717851287e+00
-7.657208848111372923e+00
-5.373929676630076813e+00
-6.913822108842484049e+00
-6.202886062404203038e+00
-6.407640125810185161e+00
-6.989850173427849533e+00
-6.894505092114305178e+00
-6.723087376257976366e+00
-3.564305861960585187e+00
-6.901641234817822657e+00
-6.501006878624326468e+00
-6.896710306646009592e+00
-6.778268798154392094e+00
-7.044320675541743348e+00
-6.946272889404952799e+00
-6.986289264507541397e+00
-5.412534109596912835e+00
-3.621466969843302852e+00
-4.612598335989361864e+00
-5.350764426562798270e+00
-5.566188779284161114e+00
-6.303466604682253838e+00
-5.735191156717033500e+00
-6.951701496477895148e+00
-7.014422676364792331e+00
-6.935359797801671000e+00
-6.607694191856860577e+00
-5.911332097191067447e+00
-6.885743578943440468e+00
-6.619915188496587888e+00
-6.542102236287413497e+00
-4.529648140158768932e+00
-7.121420365315618284e+00
-7.364277897866436717e+00
-7.185127551618911923e+00
-7.580036257190795546e+00
-7.093469596700145985e+00
-7.317517695785478615e+00
-6.315544967426145462e+00
-6.156027029642569204e+00
-5.258395365585823988e+00
-4.947891925928213475e+00
-2.852609457827652850e+00
-1.353617474766085349e-01
3.304396625014996314e+00
3.036122956868782197e+00
6.391930363452996922e+00
3.541267051642270403e+00
3.359562701892317538e+00
6.572211927055501057e+00
5.233299507480059454e+00
5.014073429976547480e+00
4.715179931152149173e+00
6.208778703361598872e+00
8.160155835584966155e+00
7.839386063938708737e+00
8.529860489805370705e+00
4.769634582611598894e+00
-1.883932827280287325e+00
-1.319082773478561288e+00
-2.566462367572581726e+00
-1.024181115285457189e+00
3.325252432453884022e-01
5.191616421629237976e+00
-3.271320161390754766e+00
-8.372745242805303967e-01
-2.795145241017975568e+00
-1.997822404477692437e+00
-2.837125358676446663e+00
-2.034087856203038225e+00
-1.222583675049800478e+00
-5.586015729772113581e-01
-5.164696164050272209e+00
-4.979912216402026637e+00
-6.090097943039634920e+00
-4.106464608403704197e+00
-1.877293662142868413e+00
-3.413479767203973392e+00
-2.493543159186258629e-01
-9.121342015789002389e-01
-2.145543378525253786e+00
-2.741660220053452779e+00
-5.241236253836516035e+00
-2.609752946384965355e+00
-6.982238224594125020e-01
-2.236404712692502184e+00
1.035526680493590979e+00
2.264240968385830277e-01
-2.591202424504762680e-01
-8.307047083271473786e-01
-4.308078738315008316e+00
-8.602698036600769926e-01
3.078449922278101436e+00
-1.594523355614080318e+00
2.352988140639920012e+00
3.135618030273302548e+00
2.597941039701507471e+00
-3.456755924180086037e+00
-6.809689226351013369e-01
-1.522077456027736586e+00
-2.717294748215545841e+00
-1.328864513620480414e+00
9.599557341724761494e-01
-1.269137312372925042e+00
6.532694507436979936e-02
2.778283742186777872e+00
-1.264346139710603500e+00
-3.375314430951435352e+00
-2.525570797367283848e+00
4.424619328912780425e+00
-8.844315079752268494e-01
4.130471942701929855e-02
3.919895966771493878e+00
1.715400351923185296e+00
6.348350043908552287e+00
5.742031867539746592e+00
4.309659394829306045e+00
1.693902253821762072e+00
-3.482892345667317091e+00
-2.077317029996874620e+00
1.199861221503142783e+00
-4.744927431320200562e+00
-2.449928784727467279e-01
-5.708135489117267536e-01
-1.545321074969207231e+00
-6.432552338558813476e-01
-3.487737910847927392e+00
-3.510314586366976020e+00
-1.927714366905385779e+00
-3.424340036750081584e+00
-4.074384583507586477e+00
-7.001878903147474853e-01
-6.904557653451351973e-01
-1.650249647481869530e+00
-1.150208867245388733e+00
3.453145855787308705e+00
-4.225687448315831318e+00
6.521379788507684072e-01
2.157423356608227039e+00
2.405140822604713069e+00
2.214214779971702907e+00
-2.896027073610008884e+00
-3.100635564643810849e+00
-2.665341361528041464e+00
-1.987702784354056673e+00
-2.369926652535531364e+00
-2.236012626569078066e+00
-3.121578879587547206e+00
-5.314921614153122142e+00
-3.199465205571315973e+00
-4.322738248537901562e+00
-5.860127348134162695e+00
-1.628239787927460158e+00
-2.949794919431411255e+00
-9.436192941851681004e-01
-1.193397694852356139e+00
-1.823584818391838169e+00
-2.479681640848018009e+00
-1.122332282169957507e+00
-1.628473993224249794e+00
-2.951461342765283380e+00
8.937978804983755243e-02
-1.234119548880576039e-01
-2.989583269511328467e+00
1.890978743232125225e+00
-8.134569136407235890e-01
-1.973178134331212030e+00
-2.163643251763730735e+00
3.020300847333842853e+00
-7.582137411520801784e-01
-2.373132493138856436e+00
-1.474833882325527590e+00
-4.788491413538970565e-01
-1.774480050698903577e+00
-1.370719960344793042e+00
-6.504325310685586947e-01
-1.141803818081587929e+00
4.437303022382761419e+00
9.120185498628326226e-02
-1.429597043228896247e+00
1.955307993008355283e-01
-2.693861285085986879e+00
-2.217114834436832993e+00
-3.061953276015439429e-01
1.949605289361471705e+00
-8.767693840627582835e-01
-7.984048786555463240e-01
1.938589537249881534e-01
-2.963352482008799083e+00
7.824611314447125210e-01
4.369022777070285524e-01
-1.189537063336780554e+00
-2.813268288171833831e+00
1.651316534389160040e+00
-1.425532416163737937e+00
-2.718387844660524522e+00
-6.032205428089151278e-01
-1.453042705120406675e+00
-2.385373319321330232e+00
1.382124136393393599e+00
-9.692740624369031721e-01
-1.541448618279663618e+00
-8.219164632758161337e-01
1.521204469141115567e-01
2.629968213084852735e+00
-1.550503054203575148e+00
-1.929640787005844293e+00
-2.898822435970522804e+00
-1.540238314439523082e+00
-1.981780234355983383e+00
-1.255725535811542448e+00
-3.001908316927605735e+00
7.116982908342808223e-01
-3.140393745517059632e+00
1.635556883496303682e+00
3.175531197253907312e+00
8.181645081529014263e+00
3.857875724150451990e+00
4.812893389911994113e+00
1.131825228315113785e+00
-4.340606153436349923e-01
-1.886096434190071447e+00
-6.001789701645766639e-01
-2.559731695445487176e+00
-1.500129236318736181e+00
-3.664317313526178399e+00
-3.097998625279124951e+00
-1.862108079463610233e+00
-1.889791853636693775e+00
-2.411359405967764546e-01
-2.288982998990688689e+00
8.309896243485367373e-01
-1.616971885942863452e+00
-1.853896456030570628e+00
-1.225678101164381806e+00
1.939491926927938925e+00
2.445348644515496606e+00
2.720874100065068912e+00
7.047872540240910588e+00
3.104099310155081226e-01
-2.987291323410554700e+00
3.094247962411795227e-01
-1.024578234633542584e+00
-2.814521632390682981e+00
2.060964319155689672e+00
-2.105381377741106785e+00
-1.411211229583024362e+00
-4.259909193490977741e-01
-2.195201309243822507e+00
-1.641568156733296036e+00
1.165502680538699654e+00
7.891605103286346568e-01
1.491541918537877764e+00
5.553122592885023634e-01
2.171782498608359369e+00
4.236205471900647002e-01
-2.777610785820145978e+00
-3.189007019374426211e+00
-2.178366118658699779e+00
-3.492617389477759904e+00
6.262052947063400099e-01
6.940999579348912374e-02
-2.155677054088500633e-01
5.071053698668613663e+00
5.814237380504908792e+00
6.444993905875452178e+00
4.135741887568857855e+00
4.237472624058447934e+00
3.142017530678151704e+00
-4.685336461528914476e-01
-2.400127645921165342e+00
-3.766867841879923962e+00
-2.120165117181753711e+00
-3.239448937499712855e+00
-2.446792681293560312e-01
-2.629010333280810130e+00
-4.250815570088204431e-01
-1.977967078020776981e+00
-1.253870680946795657e+00
1.860732004127315875e+00
-5.491976282706171331e-01
-3.495951039812473238e-01
-7.388779755859963272e-01
-6.084653639964051619e-01
-3.344517349256868499e+00
-2.631383280086978527e+00
-9.567077882457741822e-01
-1.962747113391239751e+00
3.097226290218723088e-01
1.600133154466205632e+00
7.422229380015333833e-01
9.651784627632111757e-01
-1.950713603721299927e-01
-1.346462122042422216e+00
3.652045521886341461e+00
-2.119066716319192578e-01
1.648255945443990456e+00
3.884478142865109618e+00
3.484752939628560586e+00
2.270166770300988679e-01
-7.668687299159744342e-01
-1.156906685725977768e+00
-1.574520334252581977e+00
5.904035657245077395e+00
8.589320664239379066e-02
4.771888891703803814e+00
2.924985566800080594e+00
5.546008249524913225e+00
4.377910664122667050e+00
7.263975376568976294e+00
8.644971730532551746e+00
5.427020219930120071e+00
1.847259582379409792e+00
4.254368267405786774e+00
2.644044651111657984e+00
4.079293047438391717e+00
3.033557061201218374e+00
7.740859986282959682e-01
3.049183067532643232e+00
3.513668597780428282e+00
-2.524170754876745804e+00
-2.834456049925757171e+00
-7.476317909008027840e-01
6.770954715074398722e-01
-4.220147658516565592e+00
-2.600048304954828193e+00
9.497730430723770878e-01
1.051994059722947128e+00
-4.325210089473300989e+00
-3.357172031654833688e+00
-3.076177574966174166e+00
-7.180327748426464096e-02
-1.435995234326806314e+00
1.438455173267509268e+00
4.296919651129484485e+00
6.572217304591775333e-01
3.358481088353638011e+00
-3.401996022356903904e+00
-4.982887068251343088e+00
-2.914067174108577518e+00
-2.421961593648939370e+00
-2.781359052045708768e+00
-1.411545046675241721e+00
-1.716286606928614900e+00
-3.309587440158429317e+00
-2.543321741959823523e+00
-1.720514856722134889e+00
-8.215743892763788248e-01
1.083594161478089068e+00
6.832235946537505988e+00
3.463657655003185565e-01
7.089353386760500753e-01
8.342321816116671229e-01
4.714331167941232970e+00
4.017268338169956543e+00
3.931440123053847824e+00
3.712411184036634726e+00
-8.184374606708568756e-01
-1.596110012720307614e+00
-1.355451580742695228e+00
-1.821685371424340838e+00
-5.433777441060327895e-02
-1.402790568324620901e+00
-1.233273085161234794e+00
-7.890588613320256295e-01
2.918627124142703977e+00
-3.104334536636373931e-01
3.780118423118592919e+00
5.278011757973774642e+00
2.283064351106068646e+00
1.908681983454631359e+00
2.906027263983295583e+00
3.530334141094184641e+00
-4.300449085697561458e+00
-3.882541328204567876e-01
2.437244967493395364e+00
1.878404570655889394e+00
-2.222609254496957509e-01
-1.662961829569874928e+00
-2.927895362992039896e+00
2.753577821493453093e-01
3.966952388051321332e-01
3.951294723816749510e+00
1.279877900051166639e+00
5.130101751721316994e+00
-1.875083661207253671e+00
-1.783964318427603279e+00
-3.273520970098474092e-01
-4.542384096170164476e+00
-4.069728448990382219e+00
-1.612929212069533769e+00
-3.233372131691504503e+00
-8.379068631945084666e-01
-5.466913578393105544e-01
2.772064732323305858e+00
-1.469031371009190678e+00
-5.026804704653320410e-01
-3.330417265325439136e+00
-1.000069499685795504e+00
7.859221781942543616e-01
2.722745103292997015e+00
-9.909054814591501392e-01
3.789007301464442534e+00
-1.430081008059771175e-01
3.034339745979822478e+00
-8.657255852256467987e-01
-3.111423107645686859e+00
1.586729502886334022e-04
1.864950231713345730e+00
8.471798120210282113e-01
-1.179595404339197406e+00
-1.524833962458227887e+00
-3.592526057385528659e+00
-2.012773034900729119e+00
-2.731385805627446484e+00
-7.871081931787001773e-01
4.883707288187869727e-02
4.158706928263323555e+00
8.026452666296829408e-01
4.032127929399599076e+00
3.663602106953851578e+00
6.191960486217594761e-01
5.603600751630847476e+00
6.066826731835885056e+00
7.892472297147016036e+00
1.832700749817260721e+00
4.010500897097796447e+00
6.643548602381582846e+00
6.286669326121386625e+00
4.218002899570978848e+00
6.798665795658959787e+00
-3.242847872065540704e-01
5.005648049856144866e+00
7.013539026813248256e+00
5.703967401249989244e+00
3.507496235292060671e+00
2.368044278162824146e+00
1.475435975041363967e+01
6.352097757392370703e+00
2.128091795419383703e-01
7.970826929999573984e+00
4.797679953647146611e+00
6.855950523474613867e+00
7.265658634848566777e+00
4.776242901105884009e+00
3.890345802913916629e+00
3.204044807567335007e-01
-2.852502232303760987e+00
-5.891715513363671164e+00
-6.679333828197891343e+00
-7.164381689277433907e+00
-6.433449394941824551e+00
-6.988551847605205758e+00
-6.427809127402341005e+00
-3.709324561525231712e+00
-6.910427962998614504e+00
-7.350870506856913345e+00
-6.925521316417840190e+00
-7.537341093424089422e+00
-6.739332694925686873e+00
-7.683868635174359696e+00
-6.362957945541723781e+00
-6.618571464473565591e+00
-4.012330596401196381e+00
-6.884577585418565349e+00
-6.648651642303042841e+00
-6.965650532650177418e+00
-7.036493769049401159e+00
-6.322717157583686465e+00
-6.586407368319271427e+00
-6.895625399807589595e+00
-7.717348526358613015e+00
-6.367310530308029293e+00
-6.899593595431014137e+00
-6.517101541129648901e+00
-6.143180203899881953e+00
-4.041368234950756921e+00
-1.755079632036866899e+00
-1.444051723491749817e+00
-9.920021145375497451e-02
1.616243553374860475e+00
2.636400168507145647e+00
3.663009197028188169e+00
2.726935196373693415e+00
5.871380927526382854e-01
2.252198739880551248e-01
3.225885818028654040e+00
2.993542147642282547e+00
6.119075575332516337e+00
1.672085720296881073e+00
-2.106157355790394536e+00
-6.086384909906459306e+00
-5.191445451176061709e+00
-6.753709538185089123e+00
-6.733091660981449955e+00
-6.638313693107359192e+00
-6.963344563539011212e+00
-7.393352755307062374e+00
-5.731945490009652922e+00
-6.444932659967133048e+00
-5.820673394660154543e+00
-4.610183840553757406e+00
-4.445898990688879948e+00
-6.259967549225400774e+00
-4.565933513962618484e+00
-5.167244947053419857e+00
-6.294437900692483545e+00
-4.978809739450231753e+00
-5.690242769376940402e+00
-5.416406611372615032e+00
-5.715578394733893397e+00
-2.835957018805235208e+00
-4.137211863164305115e-01
6.834236925980373689e-01
8.292671267667482971e-01
2.145616339253826776e+00
2.563085790908779860e+00
7.997846279209260834e-01
2.399275213637112270e+00
1.984655929448856826e+00
3.066449333686599221e+00
4.180899409509801323e+00
-5.714204397367059762e-01
8.883688552290166518e-01
2.924438168152641904e+00
4.094588357480330565e+00
2.068199020512924147e+00
1.040089799546552340e+00
-3.408176247918753288e-01
2.994032475868306162e-02
2.532248471573528281e+00
2.663838716594140621e+00
7.253059472836357990e+00
-1.462387492562950309e+00
6.378141969677427747e-01
-2.568022342032338035e+00
-1.500728179889597058e+00
-3.371226368925230421e+00
-2.437844287387280318e+00
-5.330757613219807567e-01
-2.091327438049610965e+00
-4.748069650297998656e+00
-2.875649345345232977e+00
-4.926235448954392915e+00
-2.747605850216780610e+00
-7.163974478871417695e-01
-1.676759874719172982e+00
1.717877658032455512e+00
1.194460284772566938e+00
-1.307200590975017063e+00
-1.631653806943561547e+00
-5.226252238725286325e+00
-3.470493100696741440e+00
-5.487337170439811063e-01
-2.686393943929624939e+00
-6.097083938534487713e-01
2.836644601799502285e-01
-9.690889994706682886e-01
-3.513526128189159992e-01
-4.287729374726306553e+00
-5.614554180957364027e-01
3.068881211915410745e+00
-1.842269210375432786e+00
3.532327195489870508e+00
1.916635035529125064e+00
2.201032721349210686e+00
-3.538137882436318105e+00
-9.976735162007575042e-01
-1.355825709927001022e+00
-2.712263935375055279e+00
-1.173564923509909264e+00
-1.162018144807574815e+00
-1.992513206043882379e+00
-1.057632821875091000e+00
-1.288491808978778630e-01
-1.786853457053675598e+00
-3.805864378931154146e+00
-2.115520616169539903e+00
4.125165098505848782e+00
-3.486773340662860932e+00
-1.485927120673415702e+00
1.053609505704841576e+00
1.808905274292161580e-01
2.604562926619222729e+00
4.142168140102048035e+00
4.171023378207054044e+00
1.151011476967439329e+00
-4.852817592230848298e+00
-2.002469218168903442e+00
1.153428119260042406e+00
-4.709905243313194489e+00
-4.153217840977340564e-02
-3.176113761177342898e+00
-2.296786091570426791e+00
-8.275423481975313633e-01
-3.067949866375158763e+00
-3.228857163179848389e+00
-9.657188732466458481e-01
-3.461337001441626260e+00
-3.445891474716839209e+00
-1.334121593659074734e-01
4.998348337764546012e-01
-1.549911484613110568e+00
-1.329533930944863274e+00
3.147010598090925981e+00
-5.265463580934837573e+00
-2.016816809087058626e+00
9.463350848147061845e-01
3.744590742817821560e+00
7.168605185732737084e-01
-3.600267691785243418e+00
-3.361962210190381217e+00
-2.195927080075983362e+00
-1.774671739103312662e+00
-2.803746412300514468e+00
-1.633523980299389500e+00
-2.997078442684546928e+00
-4.511866215342460684e+00
-3.882634814762736308e+00
-4.330637676419804016e+00
-5.742190725272159568e+00
-1.798580325395029655e+00
-2.801141553335227297e+00
-6.718574343911347668e-01
-1.099666563974027511e+00
-2.837103237324564375e+00
-2.727339498086738701e+00
-8.945275653595681220e-01
-2.293611962007046756e+00
-3.142853247391711236e+00
-4.440839525630237428e-01
-2.712498973972261029e-01
-3.533234810135328363e+00
1.517524773432049612e+00
-1.588094840846290934e+00
-4.620757966807937933e+00
-3.960842140560675517e+00
6.673609834929888907e-01
-3.889837287516660358e-01
-2.078659131961336115e+00
-1.658560137282863112e+00
5.078087723060129705e-02
-1.943328392516471714e+00
-6.648695719183852493e-01
-6.214134243850740758e-01
-1.149971708451407615e+00
3.900627383971515538e+00
1.320786001138015697e+00
-1.511123150375561552e+00
5.643095437227586553e-01
-2.317009947152633753e+00
-2.237665384386493539e+00
-1.465442976778125184e+00
1.313058320702220394e+00
-1.555065242367497547e+00
-1.071049033054193300e+00
-1.430527835532649228e-01
-2.623306980097250385e+00
-1.030943846026120686e-01
-1.202372681176593350e+00
-6.679279940638304103e-01
-3.692249885633527740e+00
1.686699396366513781e+00
-2.905530946705297546e-01
-1.959266028050975939e+00
1.172494599250330838e+00
-2.280386292845421270e+00
-2.481109123205854416e+00
6.897458898719582843e-01
-1.453935263467728278e+00
-1.576609133344208269e+00
-5.159495646817732206e-01
6.623240427183284262e-02
2.163806979354257809e+00
-1.516990177850024102e+00
-1.987385251158597876e+00
-2.154543962072791530e+00
2.206392747055252457e-03
-1.796651495592351599e+00
-2.185769171664460941e+00
-3.254206914359464520e+00
6.886063507151374274e-01
-1.339018106363186744e+00
1.589613716090778617e+00
3.263164892460714839e+00
8.966317363990777167e+00
6.603405610975550566e+00
5.741870579255079043e+00
1.435993131372760301e+00
-1.709475831568291637e+00
-8.882936979490531071e-01
-5.849489191903208818e-01
-2.805018584556650207e+00
-1.385364774046414782e+00
-3.504167033209336868e+00
-3.298500022444965651e+00
-1.952787745430666577e+00
-1.984573769821781575e+00
-2.705309054202958419e-01
-2.453467192916882755e+00
1.028761840218954449e+00
-1.772405132750507706e+00
-1.661031444448257233e+00
-1.334325544526447693e+00
1.917433810992656085e+00
2.801151253850451273e+00
3.782321949428608665e+00
6.622306532257691281e+00
7.064339889629533964e-01
-2.321103247231441902e+00
4.909973836746667430e+00
1.165385282399795441e+00
-3.629700195224183079e-01
1.510289796342678903e+00
-6.348945328864228355e-01
7.379838915168530911e-02
1.246416980306851441e+00
-1.547715350512932408e+00
-1.970182399184503552e+00
1.425135064064216195e+00
5.056257591118321626e-01
2.828989509939558444e-01
-1.795745049030941898e+00
1.440260091221351013e+00
2.333265190297610925e-01
-3.223229707009503731e+00
-2.769570245743876225e+00
-2.222314954569469592e+00
-2.721427646561746183e+00
1.746706969411724986e+00
1.368146151770109009e+00
3.108103395705335559e-01
4.035869872624449073e+00
4.318993027971097298e+00
3.732774468881566055e+00
1.860873710936427727e+00
7.767061677529691899e-01
-1.661717960073028522e+00
-7.014315958199066614e-01
-1.126525966319860794e+00
-2.777998441251793960e+00
-1.880824356963862298e+00
-3.180471813975088491e+00
-2.087648818024073483e-01
-2.751678602576888455e+00
-5.236273579325554373e-01
-2.084316643992853546e+00
-1.258403198967207537e+00
1.893360789722009274e+00
-1.056873205425660628e-01
-1.333262075117440881e+00
1.439886955512715838e-01
-7.548774610216616443e-01
-3.963932293794805162e+00
-2.470951562871053664e+00
-1.012134238481668724e+00
-1.953190501838126147e+00
3.384336646242770974e-01
1.853158134164447413e+00
2.372358020129117673e+00
3.181189741736683008e+00
1.587513065787556077e-01
-2.048907901725211200e+00
3.569282613749613642e+00
-5.789263383036903354e-01
1.972037543824609607e+00
5.764535433190726366e+00
3.914143737288929614e+00
-1.526383908515146215e-01
-8.967693180967790667e-01
-1.335978414658918867e+00
-2.317723511339329079e+00
5.446500412417264236e+00
1.033853336323997119e-01
3.499827957536981504e+00
2.424172885025165147e+00
6.361595055904696316e+00
4.168418032942281748e+00
7.254993338936887248e+00
6.071290358804554366e+00
5.065877097106464610e+00
5.931187290169631865e+00
4.100761966854173046e+00
3.655629074484224361e+00
5.818685523106168489e+00
3.712869723117456555e+00
3.456248409804715038e+00
2.234950165907310993e+00
3.157408224509478334e+00
-2.123473449869541785e+00
-2.641062766204339329e+00
-7.325425530260819551e-01
6.121635487655213703e-01
-3.708509790460905453e+00
-2.669607548800919883e+00
8.076946698076596931e-01
1.663174401343914921e+00
-4.425351381807558937e+00
-3.316728015821405862e+00
-3.327408235283437765e+00
2.182453196664691786e-01
-2.251067066272145201e-01
2.593410508586788232e+00
5.215040347618397298e+00
2.879244458008991092e+00
3.680070775315433362e+00
-2.842163609722835105e+00
-4.952987717959846492e+00
-2.448760513635129143e+00
-2.438248982634967366e+00
-2.346165481569332911e+00
-1.122891164999088920e+00
-2.071314322494933080e+00
-2.906472514273810148e+00
-1.740196673190938403e+00
-1.269833813936153410e-01
1.249379163856788461e-01
2.310736292504217193e+00
6.516465530559753638e+00
-1.049602060446385571e-01
4.976917603738738038e-01
1.099814985888360352e+00
5.710195808984039445e+00
7.225002105086520743e+00
4.560700141062506319e+00
3.855712839627206012e+00
-3.206943848835094174e-02
-1.332955363030323415e-01
-1.387616268791492358e+00
-1.566584577943958445e+00
-2.483394690388751880e-01
-1.748975036716915676e+00
-1.538143000490289625e+00
-5.515679115471701088e-01
2.776767412401050183e+00
7.854085513816541075e-01
4.194528191598609901e+00
5.839942208993161188e+00
3.083335520191012424e+00
-1.440785501879691954e-01
6.608962813134258152e-01
3.368678102038015876e+00
-4.693119883148322735e+00
-3.318737305492083789e-01
1.837309829863862376e+00
2.612641901608702688e-01
-1.345135244200512892e+00
-2.900011652410963592e+00
-3.495821287333507943e+00
-2.321948226851690666e+00
-1.244040607184360381e+00
-1.381096651977188117e+00
-1.611547105979593164e+00
2.601416715001716451e+00
-2.952773254679401660e+00
-2.148053167644577710e-01
1.327895825227867477e-01
-4.296311973499775227e+00
-3.695135136836368517e+00
-1.387604170367955136e+00
-3.102241137915410452e+00
-1.459792717012617480e+00
-1.773737603075080937e-01
1.760558099545396660e+00
-1.038772975895264850e+00
-3.251177412846401049e-02
-3.771610786740274168e+00
-1.069334027216237715e+00
3.111979097728612698e-01
1.215666122646120728e+00
-1.700431047527153794e+00
3.681487011549609889e+00
4.850074957199011494e-01
3.597610168142053144e+00
-1.795897048214258440e+00
-3.793498222726125135e+00
1.847780327854970928e+00
5.296457137503344903e+00
1.730466131886561287e+00
-6.030721009464158344e-01
-9.634842672157611920e-01
-3.502193612295685821e+00
-1.790948535814685938e+00
-2.169726798504211018e+00
6.162985569669018199e-02
1.176251415806785383e+00
6.333517078907969555e+00
3.522149309773454195e+00
5.347020269414167082e+00
3.988569873424891110e+00
2.818891172568871895e+00
6.794533878345600186e+00
4.430258105733910767e+00
4.913487962974371293e+00
1.832854030314486904e+00
3.878590923213617092e+00
7.818292424243646899e+00
3.726220760348517569e+00
1.969641771424193832e+00
4.482944309773084335e+00
-1.748494354143133658e-02
3.678696981243499753e+00
4.630167842930854150e+00
6.335190367179561299e+00
2.127736064529675897e+00
-1.078570258105618462e+00
1.389654351776220409e+01
6.386701629507435030e+00
1.559577218730425097e+00
6.712510548006885180e+00
5.601513237767927755e+00
1.740342425094876466e+00
-3.953032000885118524e+00
-5.376308059272446371e+00
-6.210076472017231453e+00
-5.223190724848753241e+00
-3.666684931378339396e+00
-6.711412831228014575e+00
-7.038818713558671725e+00
-7.230607289512961167e+00
-6.608795548931877484e+00
-6.779037539379163313e+00
-5.907483125483746100e+00
-3.550411393598402299e+00
-6.324303852778335511e+00
-7.355346989245009404e+00
-6.707357347965969829e+00
-7.339780105512865305e+00
-6.018311804005906929e+00
-7.612192525149111155e+00
-6.321745272116388925e+00
-6.798158814026330710e+00
-4.073189278205227026e+00
-6.776409123891130371e+00
-4.968681261105003522e+00
-7.637282216735013840e+00
-7.542529401155097624e+00
-6.971723397665602562e+00
-7.609194160178791577e+00
-6.995213972999202667e+00
-6.485855260197020300e+00
-4.244699851558697112e+00
-6.241953610695417431e+00
-6.882054549434321267e+00
-7.005825241998270059e+00
-6.534340047957324593e+00
-3.441609629744942112e+00
-5.642205411274378690e+00
-3.098151183889613858e+00
-2.807025510101066157e+00
7.714571136586253486e-01
1.925240385598934845e+00
3.341548848790031556e+00
2.457850525666954500e+00
3.306013481050189995e+00
1.882833287913970421e+00
9.392956647396321079e-01
3.308824732548488967e+00
-4.631224073617057901e-01
1.719074329494919839e-01
-5.628179899012146770e+00
-4.661148421368305428e+00
-6.094308907117169660e+00
-6.795912940814427650e+00
-7.325412282478246162e+00
-7.146285633407043036e+00
-7.580011633323933573e+00
-6.941866681912084225e+00
-6.962408320477759816e+00
-5.827004312248011964e+00
-7.034781013464670885e+00
-6.931365265868463688e+00
-6.858313448049364602e+00
-7.377615337210343682e+00
-6.673502311033330692e+00
-6.974116555675263562e+00
-6.151159647405172848e+00
-5.317708533469878596e+00
-6.583209293921161276e+00
-6.485706534486720187e+00
-5.008435019560191215e+00
-1.859688932708962739e+00
9.932774055094494292e-01
1.227760639128396614e+00
5.344263929975984873e+00
3.601918595572351833e+00
2.845336446864921154e+00
6.305481390069835435e+00
3.628840385789037892e+00
3.772996320224601519e+00
3.229876442716265839e+00
3.601076887799521842e+00
4.249231837990244287e+00
7.033681105557292312e+00
4.274359946829309642e+00
5.321515725332145230e+00
-1.483774738573204743e+00
2.654591907434386666e+00
-3.730676427783781168e-01
5.708423263032399442e-01
1.011709271213899752e+00
5.668512516570526572e+00
-2.721146677596189445e+00
3.844110289137054326e-01
-3.661921612327187159e+00
-2.023622660727678824e+00
-1.792308592271700585e+00
-2.790089735682748540e+00
-8.057253162514369516e-01
-1.316490253924950560e+00
-4.785264955319203928e+00
-3.629979379007113760e+00
-4.945444869716639325e+00
-5.482891538601172954e+00
-3.112478393905709684e+00
-4.478166903051323366e+00
-1.689638552001480498e+00
7.008690266187960205e-01
-1.387151816901496248e+00
-4.797095294829077261e+00
-4.858209953925402225e+00
-3.157295150429010544e+00
-1.730087927721789265e-01
-2.102882571065673556e+00
9.559506762203264785e-01
-2.421330307861689901e-01
2.220971129138139322e+00
-9.769769274704724893e-01
-4.879018671116441830e+00
-1.409843911927165072e+00
2.368700316674225537e+00
-1.434714803482536327e+00
5.022858354811796211e+00
2.829572288916493150e+00
2.190616075082166159e+00
-3.432464611925187370e+00
-4.004324241248236049e-01
-2.202508155502820308e+00
-3.361453267173700965e+00
-2.273724537198313911e-01
-1.099149651881678125e+00
-1.321945869882447999e+00
6.023139094330675070e-01
3.788320082731563954e+00
-1.103325338567496372e+00
-4.055010086541612324e+00
-2.424226685687679517e+00
6.847451094323410148e-01
1.746148320737711090e+00
5.100773973116602633e+00
6.246937715899972154e+00
5.326388544606929010e+00
6.246694988302391671e+00
6.143885069450760739e+00
5.920219678726078349e+00
2.104789488471522585e+00
-2.550880272313832631e+00
-1.390117964725356314e+00
1.986137945447471465e+00
-4.571908072521176258e+00
2.814833969612657860e-01
-1.703375249889299781e+00
-1.201799637551174582e+00
-7.263950223291367747e-01
-2.109026889071067945e+00
-3.556280556251332658e+00
-3.499790533533234438e+00
-4.261270670373975555e+00
-4.304293034996481637e+00
-6.883757739168333556e-01
1.340697124743135626e+00
-3.394786988439397302e+00
-2.445233668054041853e+00
3.801537377696540432e+00
-1.237847404175600019e+00
-1.019606001805461348e+00
-2.198881819806517424e+00
1.813785282116912478e+00
2.138495766329970849e-01
-3.687729366231657036e+00
-2.390751578174611591e+00
-1.471943190921332745e+00
-6.175543591727145065e-01
-2.978667634587799373e+00
-2.079374330221681610e+00
-2.532560890427939526e+00
-4.760522102724993765e+00
-3.628868165949475699e+00
-4.362673180339322165e+00
-6.073808807470054916e+00
-1.949911026602158204e+00
-3.157685139814754294e+00
-1.052126887819591960e+00
-7.450782233274746424e-01
-2.133856934090147650e+00
-2.284687246905422686e+00
-1.069095049647382778e+00
-1.652803419547427710e+00
-2.926208024258967200e+00
-7.551401666016177572e-02
-3.267121393836412424e-01
-3.738376135898709318e+00
2.225517678553893486e+00
-1.230376923344827178e+00
-3.768933014345012822e+00
-3.865327632966019333e+00
1.490358115609631273e-01
-3.378921463635175537e-01
-2.395845084231608357e+00
-1.159096000832255946e+00
-5.803746775222930893e-02
-1.608986903204207008e+00
-1.463195168164187931e+00
-1.016850732056152617e+00
-9.921908820740656942e-01
3.973840878640597651e+00
8.517257744961371779e-01
-2.264323251929649672e+00
-1.017308080178732865e+00
-3.427075913040895205e+00
-2.347478069337856521e+00
-2.812100465839230679e-01
1.640688469687106021e+00
-1.096681027196394487e+00
-1.423762670579923784e+00
1.189846604566664051e-01
-2.428236813977529440e+00
-7.114238688139922218e-01
-6.844046728469027618e-01
-5.957280690988913108e-01
-3.052407384831363313e+00
1.773609801380758855e+00
-1.122535861455385531e+00
-2.316588550565835902e+00
-1.044716254134810063e+00
-1.666501046167420119e+00
-2.384820817658569680e+00
1.080012939806331396e+00
-7.112264426616169422e-01
-1.698687028655843534e+00
-6.589770093099426296e-01
-3.366517012648933549e-01
1.909759144542020115e+00
-1.708877628375722102e+00
-1.789308237427180259e+00
-2.240053263899949076e+00
-1.118331900860856765e+00
-1.664425585452956158e+00
-2.342545864037259395e+00
-3.167416325251379394e+00
7.820575171142510884e-01
-1.318096397253289531e+00
2.241400168403473003e+00
4.244752999673194971e+00
9.706507139093828229e+00
3.861403991492098786e+00
5.770753316838074021e+00
1.579285908499887259e-01
-1.762442590942315590e+00
-1.996026384653411867e+00
-5.527643906282838637e-01
-2.796649005673864874e+00
-1.533197965183989320e+00
-3.580597313040810636e+00
-2.981370440641356367e+00
-1.901309788505693765e+00
-1.861788842977712077e+00
-2.045412609421561612e-01
-2.573482310114389549e+00
1.037922296725054983e+00
-1.737123440789565043e+00
-1.410197900247765146e+00
-1.252113752511530675e+00
1.615013964053761519e+00
3.748593288319985728e+00
4.622030902391564666e+00
7.126101630204977333e+00
6.789011433193813394e-01
-2.588813012730497576e+00
4.281147568946095383e+00
1.244621543970580335e+00
-4.821406051345385468e-01
2.765912160973473366e+00
-3.297596047106970407e-01
1.094121545550036156e+00
8.198295243077865502e-01
-1.522767739210711513e+00
-1.853008713247240147e+00
1.239059821648177184e+00
2.802909457754630407e-01
1.045414935940084389e+00
-1.768819156964601902e+00
1.294628707437557535e+00
-3.504371718523868195e-01
-2.960481505453557816e+00
-2.975264458895556796e+00
-2.221188876944362622e+00
-3.454355919201222758e+00
2.666613079837305111e+00
1.746156201117176510e+00
6.793007487162774360e-01
4.616743051894858674e+00
4.307460446346920158e+00
5.752757050541926098e+00
4.735703970880257963e+00
4.135867658486959364e+00
9.129551254899695989e-01
-8.116866137299968420e-01
-1.264332461160057486e+00
-2.596358545017666941e+00
-1.811579531371112273e+00
-3.614330989512078762e+00
-3.557239278240009184e-01
-2.702079167877517563e+00
-5.137991383636081322e-01
-2.252391649044761746e+00
-1.314090592036669669e+00
1.589694056267449751e+00
-9.738303000986493763e-02
-1.123031600953519948e+00
3.758188369016804420e-01
-5.385858800928398221e-02
-3.478588095325835905e+00
-2.328885897494887391e+00
-1.387171489969577065e+00
-2.255296602911109449e+00
-1.344799831782865995e+00
1.195336784616950920e+00
3.640020830686716558e-01
1.844444158229399111e-01
-1.399332118873566344e+00
-3.416061821035177193e+00
-1.259923427633084847e+00
-1.667602624642082532e+00
-8.539525039796935779e-01
3.268640407295961836e+00
2.977592275034203206e-01
4.814258344161245068e-02
-5.075906110061970677e-01
-1.213754678809123133e+00
-1.073283139448662604e+00
5.554503721842629638e+00
-7.312953552388812284e-03
4.157039592083124013e+00
6.882555082961647308e+00
8.073827885233969326e+00
7.130511982009692495e+00
7.467293416470905498e+00
5.160973797886538428e+00
7.892600670455543366e+00
9.695212011158335086e-01
2.284469223955737593e+00
2.462270824887224041e+00
2.360471071341241789e+00
4.943961280292423766e+00
2.757312176889284761e+00
2.289167607232329260e+00
3.106140402529381728e+00
-1.969124176067685861e+00
-3.157603511451333222e+00
-8.859144456852962035e-01
9.116136050317374950e-01
-3.471628429431807827e+00
-2.755703591193887192e+00
1.365400074319080281e-01
1.423043227077516404e+00
-3.379835379709477561e+00
-3.797113163725249319e+00
-4.130163851167618638e+00
-3.726353414505542694e-01
-1.349565562754377446e+00
1.589364091162537740e+00
5.414957795214472291e+00
-1.827428817647718473e+00
3.200845567039098061e+00
-3.408735988244378401e+00
-5.680104475754872873e+00
-3.965905268402022177e+00
-2.783399350427283370e+00
-2.576986546068323225e+00
-1.357429932296192243e+00
-1.578381788475835101e+00
-3.505766476831546630e+00
-2.637776748071806399e+00
-2.001922771770838327e+00
-2.255900535592747502e-01
1.869666032843355197e+00
5.908989857905949883e+00
3.169356668473548022e-01
1.062711736923175748e-01
1.268572409019365521e+00
6.072387270619195476e+00
5.212008001416394087e+00
4.801756441401322739e+00
3.442792926507917795e+00
-2.245859671796802903e+00
-1.706659386696287584e+00
-2.652240125571870610e+00
-3.004022078100801352e+00
-1.830907837740315847e+00
-1.643640566051635998e+00
-1.633239098948271684e+00
-5.071974474098975838e-01
3.142454018136716432e+00
3.732874757836368573e-01
1.928472162888382968e+00
6.769536919347605597e+00
2.131326020398747190e+00
1.183388291738142195e-01
3.845578492715102659e-01
2.156424281115072450e+00
-4.747626251506147810e+00
-2.150814022756668553e+00
-2.397431893091100275e+00
-2.004902527122235156e+00
-1.960443337947107123e+00
1.185556275353657707e+00
2.261816947118545862e+00
2.378989479455812184e+00
3.242702588695546506e+00
3.919744320717224895e+00
6.989744513240631285e+00
7.586678937253599209e-01
-1.131814654289062805e-01
-1.358278974742385570e+00
8.481045721181071917e-01
-4.086291288410538236e+00
-3.452988603418619018e+00
-1.914595056495875802e+00
-3.593403286865205271e+00
-8.733443251797129436e-01
-1.255180119643435899e-01
3.591027735878944416e+00
-1.523733516744556704e+00
2.276623935399003873e+00
-2.899734129010846928e+00
-9.334020071368162030e-01
2.192498923177636436e-02
2.549021280586770022e+00
-1.189965976150031191e+00
3.174956594739835936e+00
-2.833384606319306886e-01
3.175460454503060248e+00
-2.719596029664191339e-01
-1.901145669523120363e+00
1.901014722339810836e+00
4.828170670675859810e+00
2.577495803446784084e+00
-2.299240177189754153e+00
-3.026363597261541027e+00
-4.027521039831404970e+00
-2.387049545612664136e+00
-2.223863956732141212e+00
-2.673766796895345355e+00
6.189994469055312004e-02
5.821639680953631490e+00
-8.291168699783320051e-01
1.570140107655920270e+00
2.252373880506039594e+00
1.079817253635801277e+00
-6.128233547077612670e-02
5.360798711959472662e+00
8.364872543038446295e-01
8.103264546083869257e-01
-1.732984617796996973e+00
1.825881854865610832e+00
1.969019074402491354e+00
4.521417069869002603e-01
4.204919856822706414e+00
-7.926946327317495600e-01
2.446844783132761325e+00
5.644015619425945651e+00
5.598210336558992140e+00
2.420096881653562182e+00
-8.477657374395347611e-01
