2.864487849283673171e+00
1.485950711653349243e+00
3.657046227362143132e+00
-1.412664284999672448e+00
-7.374518592476826673e-02
-7.585401964612555892e-01
2.023101201636180180e-01
2.463270333836331538e-02
3.250802901883846907e-01
-4.945600681687248645e+00
-4.231451392114923493e+00
-6.846911584534159267e+00
-7.803860117011196529e+00
-7.582260854049056142e+00
-6.605222089420018428e+00
-7.378212462803200644e+00
-5.079208217936955094e+00
-4.446961319806013613e+00
-7.308125635910628581e+00
-7.502419646277356691e+00
-6.614371462560550974e+00
-7.380113010983987643e+00
-6.633104224339192889e+00
-6.966529276375045043e+00
-5.644537332530954465e+00
-5.371171044742564682e+00
-4.724349228271935708e+00
-7.085981678826691166e+00
-7.276819101601521567e+00
-7.484646017316349820e+00
-7.481359647614678643e+00
-5.611311930292823824e+00
-7.927991295025162088e+00
-7.585160915953601979e+00
-7.619392309278993025e+00
-5.626741026218436303e+00
-7.280743089830696846e+00
-7.553227392026362175e+00
-6.475402814411125973e+00
-6.214277382534543648e+00
-3.197113708847754143e+00
-2.587361522793603097e+00
-3.417255678721282663e-01
3.136187864398134906e+00
5.718295462242973803e-01
1.565364157438982884e-01
-1.327396591109719637e+00
-4.528515097968750958e+00
-5.615843747172902134e+00
-5.305508971352428382e+00
-4.719508630968163310e+00
-5.514512360581665718e+00
-5.495534236229631553e+00
-3.169561180962373381e+00
-4.199785966928804903e+00
-4.604901871671533975e+00
-3.646513768932511113e+00
-6.244247025177465105e+00
-4.629914662539541759e+00
-5.307996833363389122e+00
-4.046118811677015259e+00
-6.839195383691119901e+00
-6.953620932807466737e+00
-3.738035857355229030e+00
-7.889900533003944894e+00
-6.086610623816921084e+00
-8.142931635999666184e+00
-7.349612016882346666e+00
-8.184140255623546523e+00
-7.281803081461184490e+00
-5.628733604087270415e+00
-6.717163400648601623e+00
-5.999828417725743712e+00
-3.296951830184339460e+00
-3.035411577275200390e+00
2.706817338199186462e+00
3.564084922554827894e+00
6.661143486609163666e+00
7.002197166439098730e+00
3.797214989516794592e+00
3.702453803752223105e-01
4.356337300857649808e+00
2.171596062230678026e+00
5.544170740490776517e+00
7.586330261817380460e+00
6.406028326055359656e+00
6.539327509543148231e+00
3.097406792900897710e+00
7.997960743881944445e+00
-1.256916025268960624e+00
-4.560049429932710119e+00
-4.988530883104608904e+00
3.566322389200371479e+00
-1.252825649633751093e+00
2.627088080500653344e+00
-2.941904014050807259e+00
-3.192164489267409339e-02
-3.124232957175518521e+00
-3.244502407928094190e+00
1.459380473795104161e+00
-2.940256633962279764e+00
1.438173905706539024e+00
-1.120236934038886911e+00
-2.299176983092416027e+00
-4.302091721016561010e+00
-4.871519145525952332e+00
-5.722295281850854565e+00
-6.066244153036097764e+00
-1.759750517165435957e+00
-1.309349923488898337e-01
1.101335166644085817e+00
1.593500156300178550e-01
-2.950729753159082147e+00
-4.196705992539740748e+00
-5.674835707719658728e+00
-3.180287684287691263e+00
-3.950225336120560371e+00
-2.754255357816104421e+00
-2.179139702627418629e+00
-1.752342961944168387e+00
-2.329356509399640007e+00
-5.781662652491952770e+00
-3.971959607028824113e+00
-1.281943186119461453e+00
-4.303179855181723745e+00
1.698632953809940060e+00
3.784418214990776352e+00
1.773713457259435300e+00
-2.905739275573225200e+00
-3.060990494187870947e+00
-3.306000041635863695e+00
-2.060309554821095901e+00
-3.671213845023699296e+00
-3.066398330482747792e+00
-5.811943416782253458e+00
-9.410941424451015891e-01
-7.650183385979900663e-01
-2.610777709004933556e+00
-4.534163395648480588e+00
-2.697495347432246504e+00
-5.883491056673607611e-01
-1.671148083244203830e+00
1.131170640492252133e+00
-2.204294486685322241e+00
1.668516079200658808e+00
2.103959410221934778e+00
5.825679086686087471e-01
-2.215497454556594636e+00
4.320486381484291982e+00
-6.210672015311325955e-01
-2.162323658730760823e+00
1.973741143781063412e-01
-4.702377201834149645e+00
-1.130738189338571287e+00
-3.257008994312079464e-01
-3.153784919003080223e+00
-1.992047239376209200e+00
-5.749150759705511149e+00
-5.321783772720173111e+00
-4.815219988304832555e+00
-3.735339956002621253e+00
-3.578116892573067531e+00
-4.125073370981102272e+00
2.747080520665873937e+00
-2.699594011218793721e+00
-3.427277332002386601e+00
3.570626703107489947e-02
-3.992018698704915547e+00
7.224120981892667714e-01
2.703100659906010894e-01
1.706500106649649240e+00
-1.095392302038694643e-01
-4.427496323880698803e+00
-4.068155493253558852e+00
-7.743718227699081247e-01
-2.877456620992197234e+00
-2.246766703627745887e+00
-1.936585154501050843e+00
-3.959814042462134420e+00
-3.430396114159740772e+00
-4.807916609474912839e+00
-4.190068152961540449e+00
-4.967510803071365721e+00
-4.218815325546663608e+00
-5.537821526910300385e+00
-2.103503402172730130e+00
-2.391964770903216575e+00
-1.891628892051292476e+00
-4.199697794599034140e+00
-3.695000047074399774e+00
-3.393915456823362486e+00
-2.926945580281242076e+00
-3.004949287124026203e+00
-2.085670115655002543e-01
-5.803772154970482156e+00
-1.155426314325053383e+00
-3.413087961461475306e+00
-2.493343376859576299e+00
-4.304312267157690108e+00
-1.730098945019452827e+00
1.796091455535302750e-01
-2.767320017725887649e+00
-2.208278130588737564e+00
-1.253478377849836400e+00
-2.383035877213051990e+00
-3.029953490360247859e+00
-2.114103764971661192e+00
-3.578715963457865357e+00
1.112669872927420922e-01
1.948258311974209178e+00
-4.066382744160402574e+00
-2.177861059640678221e+00
1.865830291171942212e+00
-4.085502732745308840e+00
-9.371578686892833021e-01
-2.259606550387287083e+00
-2.743703469503012915e+00
-2.607834856920133948e+00
-1.843577301855470196e+00
-2.186572904142620732e+00
-2.632360027824334647e+00
2.402242421558992813e+00
-1.807359650543403973e+00
-4.157428715886525517e+00
-2.958363032418406036e+00
-2.755250105006720407e+00
-6.258700872345368538e-01
-2.011488308705603747e-04
-1.233653661470733853e+00
-3.073772616363310117e+00
-9.032656635775672127e-01
-1.961733757588499216e+00
-2.608073716218428206e+00
-2.419038970781536957e+00
-3.128429414631850314e-01
1.164776018356420639e+00
-1.251947469005764368e+00
-2.417486067740467259e+00
-2.396518895756666989e+00
-5.838566700220318983e-01
-4.220712172039253751e+00
-2.389317769441051453e+00
-5.355181745060085596e+00
-2.960666823149727289e+00
-2.037345742073504606e+00
-1.289262297854503636e+00
-1.491952672062302199e+00
5.461519910295161928e+00
1.969042830859422111e+00
5.560333549031206246e+00
6.326286367265790966e-01
-2.696042338257754079e+00
-2.057029235261213618e+00
-2.563236627668233680e+00
-3.582470549177110275e+00
-2.367382439012267970e+00
-4.472161492166788044e+00
-3.979187712146884603e+00
-4.523202120705946960e+00
-3.174214327048047846e+00
-9.566559900995788013e-01
-2.974716950655945435e+00
-1.725252411088156412e+00
1.647807809064379125e-01
-2.700632677666406689e+00
-8.247127766438082652e-01
-1.011602464280588753e+00
-1.925015937452802861e+00
1.959407291526401584e+00
6.765655399911434387e+00
2.735136721918633995e+00
5.535837448234644853e+00
2.677027728746812940e+00
1.527128115775766348e+00
-1.446417341361079467e+00
5.073757518690414914e-01
-4.199560080298056164e+00
-1.942334705316446142e+00
-3.158936654523076371e+00
-1.901516705955765607e+00
-2.244334455991829014e+00
-1.996465894281330478e+00
6.863396609943960280e-01
4.531231429083857343e+00
5.498413644002631884e+00
1.192069765014725169e+00
-1.005504547858977693e+00
-3.473748561263524604e+00
-4.242842998489254391e+00
-1.708212294793077790e+00
-5.133712002669246210e+00
-2.205876457924745182e+00
-2.536067628048534583e+00
-2.731720164359886738e+00
-2.211378967081232272e+00
3.981294566949349356e+00
4.119092852090562751e+00
3.262551248790294789e+00
2.232658411466557524e+00
-2.772806484218276690e+00
-4.090922818628012436e+00
-3.273598161496399594e+00
-4.187138258564001347e+00
-3.450229951094443859e+00
-2.889340945791599946e+00
-3.036484752970533219e+00
-4.486875694526841762e+00
-1.533409504166079573e+00
-3.248793397087949564e-01
-2.949579801824274039e+00
1.811949068052196576e-01
-1.235966399647750569e+00
-2.080278579895992408e+00
-1.463394786726067709e+00
-2.904257478232546763e+00
-4.196391629208275909e+00
-4.561912920646357783e+00
-1.561042382878442325e+00
-5.030500120206979453e+00
-9.150913795640089887e-01
-1.633014730825323779e+00
-1.638293941269856502e+00
2.251084437661064808e+00
-2.240453085368825814e+00
-2.234235643598971865e+00
-1.561417979746688500e+00
-1.003734050189470484e+00
1.530408347547294878e-01
-3.777203473564586661e-02
1.775191325271069154e+00
2.627081683445068871e-01
-1.489549433604359097e+00
5.405553837442013121e-01
-3.779206992860469239e+00
1.458970993844587172e+00
-1.326850832224816257e+00
-5.371610427310828939e-01
-3.192069239139612713e-01
3.595994451445076123e+00
7.937156400666673939e+00
8.839614313392141653e+00
7.630000412732454329e+00
2.809316488090523478e+00
5.467015909267664675e+00
4.005641134195738751e+00
-1.069529022280868658e+00
1.003342688737882904e+00
4.544705718105688241e+00
2.376919186718482457e+00
2.594533338381670884e+00
5.950356373288241407e-01
-1.364227656238687247e+00
2.106413644088841741e-01
-2.917907741462787641e+00
-1.969583578147931391e+00
-1.997476720359893321e+00
-4.371141960353972955e+00
-1.730909410051739927e+00
-1.761036715135551489e+00
-1.391843975866758010e+00
-5.102668472665169652e+00
-5.172322155556199341e+00
-2.186730640600234921e+00
-3.683340814624775472e+00
-3.487467214865465071e-01
4.387331818429627717e+00
1.868666550201976972e-01
2.567323159761839779e+00
-3.339801585592093502e+00
-2.659199387874362941e+00
-5.064122048661440445e+00
-3.435467211952337063e+00
-3.387457928959248132e+00
-3.798502942778076541e+00
-3.490886471781437184e+00
-5.634221829764438638e+00
6.880313108020670587e-02
-2.643421480023510295e+00
-1.412348962156700027e+00
8.354541112380409196e-01
1.993931585805051254e+00
2.096879726873358774e+00
1.771731160596828225e+00
8.524267031223469182e-01
5.723235445260612231e+00
4.053789847842403482e+00
9.395398959143399509e-01
5.088987871424241582e+00
-1.078766089572432696e+00
-1.272293545565362782e+00
-2.239445076177704497e+00
-2.376361178096727311e+00
-1.156903637648605931e+00
-6.062392988132850213e+00
-2.660647550973369135e+00
-6.789784898699210425e-01
7.325867705974626887e-01
-1.560960881226670371e-01
-2.468668188197912450e+00
-9.700623577939161413e-01
-1.681196786572766166e+00
-1.455459757449907299e+00
-1.536909566062078403e+00
5.136212546149879765e-01
-4.404418257205871434e+00
-1.591055991795577107e+00
1.197387580123762119e+00
-1.295990322712773091e-01
-7.130855013040698909e-01
2.152504360492265345e+00
9.004750086554519362e-01
3.396813868804231529e+00
2.492240503883968561e+00
3.933809793317017522e+00
-8.897765266649219074e-01
3.867981908021818072e+00
-3.624700847252288582e+00
-2.737459629484863655e+00
-3.136246114083085512e+00
-1.108524231206925670e+00
-3.933454011656818405e+00
-4.258797451589702909e+00
-4.688277088829933881e+00
-3.820923817132888090e+00
-2.467256769010744311e+00
1.204662190310477499e+00
-2.179382088057773448e+00
-2.572574518081702788e+00
-1.891661168166405282e+00
-4.218611448904184158e+00
1.988065832385475629e+00
-2.331881329964280436e-02
-1.056942647371024613e+00
4.794582885876107703e+00
-1.624659460958437718e+00
2.787168968717016693e+00
-4.405690112268028535e+00
-2.171666853569802491e+00
-3.125908737877418075e-01
-4.721258930594733338e-01
-6.328559373565177948e-01
-8.524474543234944468e-01
-3.370230437979456983e+00
-4.572246784173539247e+00
-1.671637563701205975e+00
-4.006487024441682365e+00
-2.444630979208179067e+00
-3.989235364819128993e+00
3.781676868693625959e+00
-1.397502411946983214e+00
6.330540816379542912e-01
2.291588255383409045e+00
3.893429914897234556e-01
3.944961581985763743e+00
2.334437695063688256e+00
1.688526879654371315e+00
-9.300425948189978698e-01
3.219648379893572443e+00
6.668600916011385493e+00
5.038025088623737879e+00
3.705362339199659072e+00
3.988560382855794284e+00
-5.199352672921996321e-01
-1.725867059367219403e+00
3.827605886611520347e+00
2.040333467458491867e+00
1.710307924774878030e+00
4.445572449948077320e+00
9.326849416222493971e+00
5.468056221286910379e+00
-1.273758590816957748e+00
1.510158262448957567e+00
-1.233265408903597704e+00
-3.554877904981882164e+00
-4.166087571535229128e-01
1.327757469508578980e+00
5.768450592201361353e-03
1.954345837976951161e+00
-1.585084520384928419e+00
-3.496838189878330727e+00
-6.366180465196112692e+00
-7.206686177333728516e+00
-7.346689050391906228e+00
-6.804037510041502479e+00
-6.958804802075396090e+00
-4.770039295624921571e+00
-4.821092226184951812e+00
-6.789634031374241374e+00
-6.268545004810579080e+00
-5.022885291322481294e+00
-6.248497874346486292e+00
-5.559127503227327516e+00
-6.299961784554856337e+00
-5.614300504045988127e+00
-7.192317256036081297e+00
-4.478975856349118878e+00
-5.793456828759954824e+00
-6.952113173440661598e+00
-7.913648534932408829e+00
-7.539982039894128185e+00
-6.716145078029502891e+00
-7.652882547821570292e+00
-5.225425826973052246e+00
-7.264830752976837225e+00
-5.865894011155469379e+00
-6.416205318526927215e+00
-7.176484901022324614e+00
-6.592266691990023020e+00
-6.231936349870718317e+00
-4.658213357521265863e+00
-7.203162696452895197e+00
-6.336227403251161405e+00
-6.567642844013864334e+00
-6.668802362959064034e+00
-7.464137439179425293e+00
-6.618999520528034530e+00
-7.139976645767134755e+00
-4.019588791408069461e+00
-1.786455843822730039e+00
-4.955575118304786031e+00
-4.217822193605636372e+00
-5.840114271742360863e+00
-7.231849793383492653e+00
-5.425274126549261666e+00
-7.178498485663982187e+00
-6.919932149754743023e+00
-7.252043061985880001e+00
-6.122958270057945462e+00
-5.834334965823249952e+00
-6.660920638542158656e+00
-6.654827214845743022e+00
-6.627515111080501953e+00
-4.080490083713864458e+00
-7.715232092176566248e+00
-7.370744549838718740e+00
-7.650704095123135318e+00
-7.710571185023165519e+00
-7.413133087372528074e+00
-7.263796841660838943e+00
-6.161777683600628386e+00
-6.590795376996896771e+00
-5.012770285940484349e+00
-3.785899297498685812e+00
-9.621601077827469650e-01
2.533114084940395028e+00
4.686004908713534256e+00
5.102288511456325004e+00
5.488693767037172044e+00
1.886951708692436114e+00
2.198033600538009669e+00
3.783533145842405521e+00
4.559488818260724052e+00
7.015805935930953474e+00
5.401655305982177246e+00
6.633180293230927838e+00
7.888740652717868507e+00
6.962287662757252527e+00
6.458767429030499052e+00
8.155643841036819275e-02
-1.754994946950834134e+00
-1.376008348389195612e+00
-2.305319997937770538e+00
-2.953204079900571433e+00
2.419517161797922977e+00
-1.257220465025308265e+00
-1.586305754416440061e+00
-3.907019760328565017e+00
-3.810072944178980237e+00
-9.404788277129939589e-01
-3.275714617486331637e+00
-1.556310524629292535e+00
-1.053160329144778196e+00
-3.804072779515966118e+00
-5.224553543990844595e+00
-5.467757629094893268e+00
-6.009378135856899839e+00
-5.039985497138348869e+00
-1.267211099589115042e+00
-2.594294216046809876e+00
4.752239279338238975e-01
-1.915063845908924201e+00
-2.606974492585139913e+00
-5.493614128902041038e+00
-5.883127728701841086e+00
-2.700323078650487485e+00
-2.215121387883747683e+00
-1.420917749555129284e+00
-2.155006806651726059e+00
4.375934944241719471e-01
-2.094607374609802619e+00
-5.971543934112104601e+00
-2.992869236487130546e+00
-3.383438361107842796e-01
-4.155486642683460907e+00
3.343655282729093514e+00
4.035934139331470938e+00
5.221034795801212658e-01
-3.141790674763561331e+00
-3.384051251325231657e+00
-2.782580784628612580e+00
-2.189222904468244746e+00
-3.210110020757296567e+00
-3.463566137310680748e-01
-4.808131996227257510e+00
-1.637317459321516289e+00
3.326107056393230454e-01
-1.923099519930028700e+00
-3.564585969327199066e+00
-3.024243028010746404e+00
2.658818113514520132e+00
-1.954451751366362844e+00
-4.320791799868793359e-01
2.679413161307747870e+00
2.817219406849526209e+00
5.618770501678622686e+00
3.468901676731771300e+00
2.004310642777809459e+00
3.252353906519234616e+00
-2.637084725743129798e+00
-3.903563086015807926e+00
4.756997927967329676e-01
-3.579161015034897364e+00
-1.198555704815309264e+00
8.017847780830110738e-01
-1.848477168384648595e+00
-1.446012196467848732e+00
-5.694881802538816373e+00
-5.228534792760199501e+00
-3.881110496528072051e+00
-4.190655595423633528e+00
-4.238055906483629620e+00
-4.342949200362773432e+00
-3.205624553021566014e-01
-2.342274895532808099e+00
-4.002178108228850562e+00
4.377986739174463682e-01
-5.533336544222126285e+00
9.642827134410398848e-01
1.132964516432954261e+00
5.849655535963005359e-01
1.268266498611603010e+00
-3.726388246700258033e+00
-4.747613486117594483e+00
-4.521819672950003199e-01
-2.929627302101919017e+00
-1.122857967786105915e+00
-3.029877729519888430e+00
-4.144414292310660386e+00
-4.113645318463145628e+00
-5.078507951661173081e+00
-4.006260943800577401e+00
-5.173447470891761490e+00
-3.760837528874187985e+00
-5.745760290287503125e+00
-2.294554156270562029e+00
-2.393614087746077868e+00
-1.674695149602103639e+00
-2.767477742197737012e+00
-3.676497582194700353e+00
-3.420004641171188187e+00
-3.555540666288292240e+00
-2.923896596281859050e+00
-1.511378281022897731e-03
-5.261779554811157666e+00
-1.528945732292461557e+00
-3.740111905952227644e+00
-1.401709617897714866e+00
-2.519024672392820907e+00
1.389192114579123061e-01
-2.811403560345834829e-01
-2.473845602293387014e+00
-2.919815114622790642e+00
-2.059898557679449294e+00
-3.865530329541584820e+00
-2.639349938624131919e+00
-3.026563042425193917e+00
-2.556419475838416222e+00
3.558269123440599202e+00
1.139512372235377713e+00
-2.791089907509348489e+00
-1.782862313046554625e+00
1.074950093029315212e+00
-4.656875647220498848e+00
-1.852514757524453159e+00
-1.563279538301038052e+00
-3.046034024806159923e+00
-2.099564155867853721e+00
-1.529523578162764297e+00
-2.342533468998061696e+00
-2.455505291323914818e+00
3.657132120093958605e+00
-1.892220646518381288e+00
-3.860262847090221161e+00
-1.951482044125552706e+00
-2.706070713406659056e+00
-2.189324550902394417e+00
-5.387282865004382471e-01
-2.467773510168270956e+00
-2.295427227021985317e+00
-6.684569587929530821e-01
-1.109134883527857385e+00
-2.824174634506128712e+00
-2.465006303128832066e+00
-3.324471659638046916e-01
1.608444126469396496e+00
-1.328397811926264049e+00
-2.482666203719361864e+00
-3.335103731931736259e+00
-3.365855942272985235e+00
-4.085662939960672979e+00
-2.492419078705610858e+00
-3.704445399535349903e+00
-2.559664885877747320e+00
-1.858303595129512820e+00
-7.681418571980828114e-01
3.348993142189783612e+00
5.748010844984475121e+00
4.518713592392637146e+00
4.835961645871718950e+00
1.382676523977836469e+00
2.909632052671561886e-01
-2.046014376602775187e+00
-2.551577399293197157e+00
-3.650621963618605026e+00
-2.515109408680022973e+00
-4.329795367950825202e+00
-4.018835048678880639e+00
-4.248936403994587607e+00
-2.831235835420280456e+00
-9.113563695202131498e-01
-2.627928498884656960e+00
-2.052350087651633181e+00
1.733551662414302141e+00
-2.987079632457932288e+00
-1.436897559952552195e+00
-7.476407442114979540e-01
-1.964192654618646117e+00
1.085332887479795838e+00
7.113605548236608733e+00
2.547188842732573733e+00
9.497613786311407402e-01
-7.200733398019388831e-01
-7.703455715175108187e-01
-2.725400630117391199e+00
1.716975817049647413e+00
-4.940810138298681764e+00
-1.748285210654708877e+00
-2.833396941394266122e+00
-2.078602917533640682e+00
-2.052660982742354978e+00
-2.944404452743222489e+00
-1.061476927060473807e+00
3.556589416624507560e+00
4.267158504422005727e+00
3.305573640182686845e-01
-8.458130923422029213e-01
-3.696522681263624932e+00
-4.593683021861129312e+00
-2.616955025453018280e+00
-5.264273109746468116e+00
-1.550302574640892272e+00
-3.929996712861722585e+00
-1.097700803599594765e+00
5.125005289778084894e+00
7.336708651384213908e+00
5.842705739361274908e+00
4.290391152702587974e+00
5.328629322760278342e+00
3.212630589037026585e+00
-3.650982544345419689e-01
-3.963059776039738580e+00
-5.003728487183846774e+00
-3.890048856712928771e+00
-3.034711286943563291e+00
-3.190707840720795829e+00
-4.689144921366692920e+00
-1.674688316531838472e+00
-2.982099607507376349e-01
-3.135067895394314519e+00
-2.325426866490073186e-01
-1.366550179150038069e+00
-2.049769151646256393e+00
-1.521723575053212540e+00
-2.403971574531885036e+00
-3.661787981153872717e+00
-3.489403115976642766e+00
-2.684952816774905937e+00
-4.193715361528979280e+00
3.515849952994353766e-01
8.794024006008659133e-02
-1.792649233678361709e+00
5.646898641887595494e-01
-1.709134672585531645e+00
-1.664251997748470657e+00
-8.311830572865309685e-01
-2.768943617696942305e-01
1.472593393074809853e+00
-3.644218510293241731e-01
3.986126288335405388e+00
-1.243173256127236420e-01
-1.032815827446287527e+00
3.207987070610316960e-01
-2.548380852535817809e+00
2.089730685651659314e+00
-1.754024460929559881e+00
3.645709560015161887e+00
-4.107902099271706908e-01
3.532431916252395609e+00
3.479932904730199450e+00
7.408487111299995043e+00
6.352064599498746134e+00
4.899210079448416799e+00
3.694571748119682031e+00
1.889820818522192303e+00
6.433691951588328406e-01
2.313807841127728526e+00
3.800319798535730431e+00
1.337292014931410478e+00
3.184152696515778924e+00
5.252279027499705960e-02
-2.237223229070931296e+00
1.641202090510015532e+00
-2.322931221279221692e+00
-8.718842241408836236e-01
-1.925919592498934074e+00
-4.695189204308616304e+00
-2.323844644036157092e+00
-1.189759671157170073e+00
-3.566195251194564375e-01
-4.638751000804131053e+00
-3.704100123776225217e+00
-1.854358459493027356e+00
-3.750841045836690313e+00
-1.203190351028592620e+00
4.489946887480049220e+00
8.073574114527922729e-01
2.361544537056346815e+00
-3.522483135092967288e+00
-2.720831858240705614e+00
-4.593213465236406279e+00
-3.651577950884078660e+00
-4.214767582766758558e+00
-4.287116196614662478e+00
-3.346258432314657139e+00
-5.023397200026230358e+00
-1.619712681469886173e-01
-1.892954284355606420e+00
-1.717713573478084399e+00
9.004624567389902801e-01
3.044938400668872447e+00
3.718599960775350599e-01
2.971381778046637209e-02
-2.357382422630785346e+00
4.943863279725607462e+00
4.349187724756689022e+00
-3.575207468304349434e-01
3.622414385609919574e+00
-5.459802919754660477e-01
-1.216622939120977964e+00
-3.904607145428655168e-01
-2.350837583548574639e+00
-5.612827209451679566e-01
-5.742539616069652908e+00
-1.864181219253618238e+00
-4.375692007389409000e-01
1.024414276904385135e+00
-1.736394411204707777e-01
-1.662521383080820314e+00
5.917945459509323491e+00
6.142629470806764580e+00
2.889297249035588155e+00
-1.886906847429519196e-01
-1.657685467510995048e-01
-4.831295347707880161e+00
-1.625322099448138102e+00
-1.405001260981457278e+00
7.154978502606808288e-02
-1.146233505459180124e+00
-8.065134977813774586e-02
-1.600159727169476076e+00
-2.995156365731990178e+00
1.308877361316206633e-01
3.636371935975182268e-01
-1.840723573856354600e-01
4.451420271003049933e+00
-1.443482004702314470e+00
-2.750778406563932688e+00
-2.255806469686634230e+00
-4.262295720033702828e+00
-4.799433463024684876e+00
-4.225851198629626104e+00
-3.923264942721502724e+00
-3.645493554783794110e+00
-2.307137065579154989e+00
1.151427398005561820e+00
-2.374736628383289361e+00
-3.236353503269416620e+00
-6.174103980532189562e-01
-3.801783295386611083e+00
1.873508291693109618e+00
1.058085644868596686e+00
-1.602823745763459540e+00
5.677409152937230807e+00
9.168248452089067246e-02
1.618320365102636771e+00
-2.077536464003405303e+00
-2.824317931588408381e+00
-1.675816323138968222e+00
1.604528248096761756e+00
-1.921527182169556314e+00
-9.467008955925001468e-01
-3.162084128993157606e+00
-4.794302633673539482e+00
-2.714234964908103009e+00
-4.137749531713960316e+00
-2.483272956468139725e+00
-3.069471896620221685e+00
5.012264178231180978e+00
-1.352460652697343946e+00
2.292632532400322720e+00
1.224336928616702291e+00
-4.371538699885930135e-01
6.524530089657690546e+00
5.747795933830282422e+00
7.791318986891994314e+00
3.300642861367716119e+00
1.747535500623914828e+00
5.210090873502889686e+00
7.021397954086123327e+00
4.031877743398400327e+00
6.790200536722231561e+00
5.306076974068053564e-01
-8.192143030254452896e-01
4.558885191363236444e+00
3.916984774231377031e+00
5.798331452500069538e+00
3.096761718489506876e+00
1.453800476079815418e+01
5.881794408034861199e+00
2.314875148150269180e+00
3.609657157260849569e+00
8.471956263860617398e+00
4.717886768514801155e+00
7.939504918354650442e+00
2.990777638952587747e+00
1.039948977320773515e+00
2.330689091363737031e+00
-7.456494228515682110e-01
-3.669435455063297269e+00
-6.380864084441647321e+00
-7.082454023760688777e+00
-7.180307226143597177e+00
-6.108175262451482013e+00
-7.488890729007889213e+00
-6.350192424667624458e+00
-4.833367556937428589e+00
-7.492422486938326465e+00
-7.506373534134044512e+00
-7.138666529693165508e+00
-7.807521346946103336e+00
-6.927636100483067771e+00
-7.435880509689787310e+00
-6.269440018593861907e+00
-6.512481454678909820e+00
-4.842869913987461139e+00
-6.829327804961263126e+00
-6.892058923021458838e+00
-6.616322710348263136e+00
-7.100785607115706277e+00
-6.663896402249217310e+00
-6.482770512743397440e+00
-7.194860967832681808e+00
-7.510002697949365036e+00
-6.076232931414781824e+00
-7.140380411493751467e+00
-6.549479050860612439e+00
-5.464751107612329406e+00
-3.642138626584267680e+00
-6.491446869218452376e-01
-9.073186660963683536e-02
1.007203051401236227e+00
4.137980981686021131e+00
4.715385768853176174e+00
-2.130238781088285849e-01
1.221803490954931348e+00
-8.220899920904572999e-01
1.729197858386128273e+00
3.968070731833898801e+00
3.893133851417439839e+00
3.543881492894386920e+00
1.459127155915734830e+00
-2.882919588861730276e+00
-6.064003898794811498e+00
-6.014875184019877530e+00
-7.171631174525103347e+00
-6.561804690431810805e+00
-6.434941276841712465e+00
-7.435540465837266133e+00
-7.247335263408981376e+00
-5.146427848662065152e+00
-6.082272626619684708e+00
-4.933122985547739425e+00
-4.884380056936058701e+00
-4.018114389113333296e+00
-6.555426186619345508e+00
-4.318485526169408395e+00
-4.857397681721173477e+00
-5.968232988511318560e+00
-5.487952173967090452e+00
-6.190883269854803750e+00
-5.153478286269050912e+00
-5.224291256752862544e+00
-1.391999338968033184e+00
1.057211661952317305e+00
3.957058408624546941e-01
1.371883473502650830e-01
2.273937172383520888e+00
6.842324231391529177e-02
1.349058522454746445e+00
3.096411342103024822e+00
1.266221188513341200e+00
2.454861615543430187e+00
3.240570332023329225e+00
-6.088369866269224273e-01
2.856691986609902312e+00
4.505688981269489801e+00
2.957541182717916328e+00
1.896949741746009721e+00
7.679080247122712644e-01
-2.323261664511131475e+00
1.677275399311161985e+00
-4.709010187677534209e-01
4.925684149279852875e+00
-7.384026570399199185e-01
-4.184900723949998569e-01
-3.201996656148101916e+00
-3.431554941004276937e+00
-1.116614751488113511e+00
-3.606933595362050937e+00
-1.375026008480032536e+00
-1.927123911437134351e+00
-4.209393561618555601e+00
-4.194026907248107783e+00
-2.841216935641955654e+00
-4.987226805700500698e+00
-3.937072919915695746e+00
1.012293037807616480e+00
-4.731262141693845513e-01
1.940618647296053823e+00
-1.152916726653816282e+00
-9.677497011563959139e-01
-6.235395590982098390e+00
-5.911587593126411910e+00
-3.270142041210525097e+00
-3.687476628134063628e+00
-1.130850262786124327e+00
-1.088964622476732425e+00
-5.183671119858288545e-01
-1.770704941733134419e+00
-5.945192229803005546e+00
-2.825463426827308222e+00
-7.835231350944219519e-01
-3.810009719595359723e+00
3.892469671274734200e+00
3.534965700738061489e+00
1.049055281081667568e+00
-3.504369318965213420e+00
-3.164676611730655509e+00
-2.614198317058296528e+00
-2.140780695708256243e+00
-3.007515730617457361e+00
-2.223627169882995691e+00
-4.310147711064433729e+00
-1.768192570282067555e+00
-1.385262397034032311e+00
-3.061211502119823180e+00
-4.248955347968241369e+00
-2.711155854750208594e+00
3.262828504566798404e+00
-5.184832301464493476e+00
-2.914997036566575161e+00
5.017932288805146968e-01
4.369272466550087053e-01
8.193288807673653196e-01
3.281274070980793045e+00
1.491250864018176303e+00
-8.250575202837241440e-01
-3.475285559421406933e+00
-4.683414593109117341e+00
3.470085457232495174e-01
-4.896587809618528020e+00
-1.537081986228280572e-01
-2.204615139770031984e+00
-3.846331971245783965e+00
-1.861621793897029420e+00
-5.296056394495573194e+00
-5.183849699777311137e+00
-3.215301642615482791e+00
-4.380447530003221068e+00
-3.792543234023639798e+00
-3.677906109073966423e+00
4.928358679526549380e-01
-2.023833757271688238e+00
-4.199541946366416312e+00
9.326924082293132079e-01
-5.972691852056651207e+00
-1.078181546987722506e+00
-1.312892586342044199e+00
1.621138007547269444e+00
-3.008882771416875324e-01
-3.411586838614706796e+00
-5.299854193702298488e+00
1.952411989292352767e-01
-3.472189215885463032e+00
-2.160060050582156776e+00
-1.404084157718314296e+00
-4.127737173528692516e+00
-3.689926908297348263e+00
-4.571821833577106808e+00
-4.088148336901692659e+00
-5.011622308906654943e+00
-3.731355580275918182e+00
-5.548127577631274399e+00
-1.818406362768849815e+00
-2.349935367126467778e+00
-1.597742149198085215e+00
-3.576630909667102731e+00
-3.609960837965039193e+00
-3.451555078826801459e+00
-3.310266482323738213e+00
-3.450953307660491465e+00
-9.012453111328044830e-02
-5.478423157483309325e+00
-1.675077526522376514e+00
-4.010306079460659312e+00
-3.922343346977179124e+00
-5.107194889631891499e+00
-2.960544221059638659e+00
1.828663921446337659e-01
-2.163539833339154672e+00
-2.691313438141770487e+00
-2.135388766957863282e+00
-3.439510607949962218e+00
-2.005512254863146548e+00
-2.899563886010394498e+00
-1.637943660045277694e+00
2.865696090402153118e+00
1.904915780197536046e+00
-2.999746248891318245e+00
-5.990360676227388659e-01
1.269568754271885647e+00
-4.596442207605672792e+00
-2.287972852982357974e+00
-2.543419468141678408e+00
-2.897651324466086198e+00
-2.561499063117625763e+00
-1.826694473443019051e+00
-2.230241806811978478e+00
-2.440903545695650934e+00
2.159562702486238273e+00
-8.959371559628506176e-01
-4.186777068118810341e+00
-2.040468688238387340e+00
-2.053745980591666243e+00
-3.734701483918201892e-01
1.348596139898211588e+00
-7.606642818294230279e-01
-2.144579721905767400e+00
-1.241766560695936716e+00
-1.782676680892242738e+00
-2.840430382864996606e+00
-2.261467105676616907e+00
1.897204334543414472e-01
9.091302442853598231e-01
-1.200034806079129934e+00
-2.374250691270197056e+00
-2.351338187728749585e+00
-1.641490841306916693e+00
-3.897901105564610003e+00
-2.403283921643619259e+00
-3.908714674106437581e+00
-2.603581655982295739e+00
-1.440477652642015771e+00
-6.925877316042877707e-01
3.927208866742927018e+00
8.786153008003729781e+00
7.782345783308348253e+00
7.036223701162906075e+00
3.249629535642757805e+00
-1.694752196633692309e-01
-1.703433443053247620e+00
-1.982240047305888320e+00
-3.793399458281431880e+00
-2.474769626652078447e+00
-4.438833662416868719e+00
-3.969129349456588685e+00
-4.297660192072478402e+00
-3.136317910776980522e+00
-9.628774473467850425e-01
-2.804345643813271227e+00
-1.819917737564523463e+00
2.171275325671134127e+00
-2.628471126758967547e+00
-1.274666297468926679e+00
-1.001157304268524895e+00
-1.910323295742055505e+00
2.051518428726888832e+00
5.382092690286039094e+00
4.230318035338950899e+00
5.929758160806568590e+00
3.428746312537450880e+00
1.489635061765858692e+00
-1.487702602839205523e+00
2.681187086424905885e+00
-3.767550735890073721e+00
-9.815035511332163842e-02
-2.694497268276028201e-01
-1.183845004269843626e+00
-2.009654289667103910e+00
-3.164581070591253820e+00
-1.005483452222886598e+00
2.441523044126542974e+00
2.029219119269186411e+00
-4.537964262461358644e-01
-1.056769474163119726e+00
-3.838495636780050901e+00
-4.522740572422574878e+00
-1.874488021106076152e+00
-4.778013749634067331e+00
-1.566985755254425072e+00
-1.235841285290036673e+00
-3.893635412500121018e-01
-1.447358690809821546e-01
2.133080172503093674e+00
5.410178519348952442e+00
2.917960988292659152e+00
6.572339309956329867e-01
-2.748817191525520176e+00
-3.480893860577409793e+00
-3.154434907801951571e+00
-3.581930304308311275e+00
-3.350665196860948214e+00
-2.976474369064950221e+00
-3.174415576925553761e+00
-4.836553777748160421e+00
-1.801906797971752239e+00
-3.903130635994470077e-01
-3.178521655941251911e+00
-6.313667868260541827e-02
-1.358869904363748660e+00
-2.256362893709848549e+00
-1.709759398720417378e+00
-2.283425166224340774e+00
-3.911069437348871247e+00
-4.844861329111232351e+00
-2.200768775366964469e+00
-4.660161124776413644e+00
-3.434552387516300320e-01
2.632994735207381809e-01
-1.234659423816283574e+00
1.437733313624691256e+00
-7.791919930438648834e-01
-4.098422694335923100e-01
-5.527356414489607017e-01
-5.642502283784534001e-02
1.687577821609894668e+00
1.446777766174757618e+00
5.419702254824230181e+00
2.873128798149848784e-01
-1.577732494529623830e+00
2.640550400247776430e-01
-2.703902981615712964e+00
1.996001726115539610e+00
-5.502710072611797232e-01
2.307491979320831776e-01
-4.586755107679493793e-01
1.894961165406669368e+00
3.452103416315365436e+00
4.746241037199478541e+00
6.007511985197807824e+00
2.904630474234767945e+00
6.638362677843518078e+00
5.819665477229905015e+00
-8.127676883117626039e-01
5.913331310562347509e-01
7.001889381306098947e+00
3.956909835306102186e-01
2.335860750578552025e+00
-5.586530688150630475e-01
-2.236524390333586965e+00
1.435160662365329465e+00
-2.239115108722929737e+00
-1.056091822438855354e+00
-2.364855349797757800e+00
-3.888458069683968787e+00
-2.207915120308310275e+00
-5.813860654577650555e-01
-1.240560030440508860e-01
-5.093495417079174636e+00
-3.781260524177191940e+00
-1.973741252235461596e+00
-3.181661102933819762e+00
-2.107182745998717743e-01
6.635548532795842114e+00
2.400199332685106768e+00
3.425291959554507937e+00
-3.323319232750325369e+00
-2.034879629081634000e+00
-4.855024414578686276e+00
-3.543070855455475510e+00
-3.851314746302536562e+00
-3.984605774781728282e+00
-3.491383130688178849e+00
-5.350308217646848163e+00
2.358850887802689533e-01
-8.024353113213718025e-01
-5.488007839987404241e-02
1.711709821874356718e+00
3.215743506469969315e+00
4.588471952650228780e-01
3.890662769333630422e-01
-1.957912222630471710e+00
6.445528088783727405e+00
6.092086702914990326e+00
4.427449561969361014e+00
6.090915220292683507e+00
9.756212217389643726e-01
-3.751583787499022660e-01
-4.105915892671485601e-01
-1.927618432613806609e+00
-6.043324238226244205e-01
-5.136726532545182522e+00
-2.262805665000800825e+00
-6.678985918012290135e-01
9.984592221765077324e-01
-2.062488392250614311e-01
1.608444360176038535e+00
4.919526749227570939e+00
2.348458559622539354e+00
-8.814959713541360431e-01
-1.831660431998836769e+00
-5.359315221219279612e-01
-5.199865162232437221e+00
-2.029539882844163756e+00
8.083535001334514192e-01
-2.414118025454854877e+00
-4.548291017739221509e+00
-3.480477555887054208e+00
-2.465796267297780897e+00
-4.724954242308640140e+00
-3.038458891626235836e+00
-1.518113304104861117e+00
-2.563474222020214022e+00
1.750902961375355282e+00
-3.518093763941607222e+00
-2.281008574456106608e+00
-3.203589461719533293e+00
-3.558797061404350259e+00
-4.878256451261075988e+00
-4.195058069533707190e+00
-4.656931105492515321e+00
-3.210437152214007384e+00
-1.490993792680983532e+00
1.690609547722180528e+00
-2.751526559235859093e+00
-3.127573875335979636e+00
-2.254201232956803747e+00
-3.939913602065038489e+00
1.487848735488769947e+00
7.717924765168585610e-01
-7.879643244197787055e-01
5.173694774487584525e+00
-6.763796257849282734e-01
2.119256493403194774e+00
-4.554330775461022718e+00
-2.935081557033958344e+00
-2.029084846940300668e+00
3.921476909142884271e+00
-6.906030122602961896e-01
-1.243936337919631319e+00
-2.779226800822512278e+00
-4.349570687702319027e+00
-2.509820240793391832e+00
-4.036321520751832814e+00
-1.299916036594396251e+00
-7.913772890009025396e-01
6.664214481160428249e+00
-3.141726533605600502e-01
4.969588890065980813e+00
2.007667314728892816e+00
4.433584910438420068e-01
8.344918140544145047e+00
9.228131282985064798e-01
3.113824310500775905e+00
9.448546973150433459e-01
-8.340389053099860339e-01
7.027719374876464364e+00
6.514279471341427374e+00
2.045326533637226163e-02
3.065499864996754642e+00
4.435447446399829463e-01
-1.280128149027617956e+00
4.599827535248880217e+00
3.989943148548520835e+00
2.619917996602683541e+00
-4.094298831441501640e+00
1.216171499909398257e+01
6.225959517636037610e+00
2.359309741292995088e+00
6.504402258397134595e+00
7.675662443140871538e+00
3.765422607971801394e+00
3.253551621655110804e+00
-4.654522875117584668e+00
-5.918644444333541088e+00
-6.658156570802226781e+00
-5.159435655517433439e+00
-4.410420946431369060e+00
-7.287756194173840463e+00
-7.331600324640700883e+00
-7.247639234097907668e+00
-6.351001251345329557e+00
-7.198626263282121407e+00
-5.978233837242338033e+00
-4.548006064801108472e+00
-6.764305438592795205e+00
-7.546404708649167681e+00
-6.934085228911105681e+00
-7.395593048211786424e+00
-6.073610324378914349e+00
-7.715487594064060595e+00
-6.167410854557811462e+00
-6.603499361788532696e+00
-5.008049830289166060e+00
-6.860592412385773109e+00
-5.279069203485026840e+00
-8.023206484964271468e+00
-7.583459249604146635e+00
-7.291989884520941878e+00
-7.818760061095903602e+00
-7.332724837858861200e+00
-6.116105660539339794e+00
-4.628155370130741630e+00
-6.792435729299799441e+00
-7.174049400762844364e+00
-6.752247870097302318e+00
-5.920751072815941818e+00
-4.109493845753456220e+00
-4.957355124106281430e+00
-2.481883547203149298e+00
-2.110947594445610864e+00
1.626414499160173222e+00
-1.041770722519717252e+00
5.630386835444407545e+00
8.440831828740341658e-01
2.864080717871578141e+00
2.775471601984046188e+00
1.416949454061642966e+00
3.924935071382426699e+00
-1.581528925656628282e+00
-2.230153255212893981e+00
-5.868128613961705042e+00
-5.465097340176444440e+00
-6.448625294050086332e+00
-6.635451606034763472e+00
-7.436728877437239760e+00
-7.489745174483831924e+00
-7.587012883157647991e+00
-7.024255187706369696e+00
-6.694660654068563588e+00
-5.249864013060165924e+00
-7.500108747243107388e+00
-7.114445310069860362e+00
-7.467617258181369344e+00
-7.414681070327823420e+00
-6.753736957493686077e+00
-7.319274989193860215e+00
-5.950432295265088989e+00
-5.859025923772603228e+00
-6.695867536030008615e+00
-6.227270855953179307e+00
-4.068338970433014623e+00
4.962506212865238076e-01
2.841785880516690010e+00
4.487521539129755155e+00
4.055500536739752526e+00
3.560530194802159709e+00
5.045382197589197482e+00
3.799445998000825497e+00
2.164533552720701248e+00
5.372511455985935491e+00
2.198939456505685897e+00
1.640741982740274274e+00
3.382625918271580989e+00
4.427816186234907470e+00
2.882112362466237698e+00
1.242051602355991546e+00
-1.127693890456896497e+00
-8.782820713527912382e-01
1.411810865367120860e+00
-1.697815744913849345e+00
2.871760026309200242e+00
-1.809932253156642856e+00
-1.096076323729731739e+00
-3.533726401356253266e+00
-3.399408477903039572e+00
6.250309871770996784e-02
-4.268282815489875759e+00
-5.018068973949737499e-01
-6.483057943329436634e-01
-4.603690955297065734e+00
-4.566163749461597199e+00
-3.993537584188692424e+00
-6.884764678830587847e+00
-6.565118166137395406e+00
-2.793291044454134120e+00
-4.046662831819478612e+00
8.685618130831255224e-01
-1.408594889408461448e+00
-4.771875873736584062e+00
-6.569919533508975285e+00
-5.905789663785824040e+00
-3.050025782402649099e+00
-1.178717945838306802e+00
-1.728735265741051963e+00
-1.905622001100032215e+00
1.802634135355486444e+00
-2.085868059437431921e+00
-5.817638573160799353e+00
-3.316777666451725892e+00
-8.385647960418189939e-01
-3.641152572928452624e+00
4.619477351075933491e+00
5.046361240384919178e+00
1.312224862754757249e+00
-3.546687226334887644e+00
-2.989756191411343522e+00
-2.798539060756600083e+00
-2.936773461639210492e+00
-2.345668432472844955e+00
-2.205620040143152494e+00
-4.824925609462838771e+00
-1.522596128357639467e+00
9.814660900164865476e-01
-2.585164732563113521e+00
-4.273722416271773739e+00
-2.519429818393629450e+00
-6.139984599743095739e-01
-5.187415590916574226e-01
2.530775952284664676e+00
6.972054473570597821e+00
1.155899082338499362e+00
6.939472228133481302e+00
7.368425100511383441e+00
1.891310836659921391e+00
5.510746537110047250e+00
-1.835709736514738788e+00
-3.122379006138521262e+00
1.963214422547395088e+00
-1.965993100560320173e+00
-5.471370829643945610e-01
3.097355507500791361e-01
-2.391161123920825915e+00
-1.501105232006146650e+00
-4.844193228684421371e+00
-4.696968870323257939e+00
-4.062264813721414569e+00
-5.369644994150785777e+00
-5.146250716323543806e+00
-3.999646804347801066e+00
6.094429657203094264e-01
-3.180791070696621148e+00
-5.768149918504259510e+00
5.212453565199303140e-01
-6.077137293159352360e+00
1.945557939333659725e-01
-2.266290389403585959e+00
-1.139544991531367124e+00
-1.142449852776179275e+00
-4.486046624750646750e+00
-4.589452777238762771e+00
9.758320858143346710e-01
-1.933637003440930258e+00
-1.941245906978656732e+00
-2.623147869875226412e+00
-4.457475474623842970e+00
-3.505895411353823210e+00
-4.798693341806703039e+00
-3.991175254625825009e+00
-5.220143719722504017e+00
-3.961779548475428570e+00
-5.617113247031363166e+00
-2.646030505918681719e+00
-2.350579790736945451e+00
-9.002923592352406468e-01
-2.429421782187311862e+00
-3.568039169144153089e+00
-3.334238094046330758e+00
-3.608388758075863567e+00
-3.114372193199510974e+00
-1.072224618825508430e-01
-5.740993070087076156e+00
-9.347697936589934864e-01
-3.730705149033552548e+00
-2.969321223813750077e+00
-4.502391686262819270e+00
-3.353844961372593136e+00
9.912262974209982980e-02
-2.854410173352044833e+00
-2.775119701059536315e+00
-1.629991700074590488e+00
-2.445531356501222220e+00
-2.934637962463896965e+00
-2.719617378308079036e+00
-3.655199164703807124e+00
2.539494516037850147e+00
1.715317004758692754e+00
-2.841820124407494763e+00
-2.770228003110218662e+00
-6.095090270663056087e-01
-4.651987349490554813e+00
-1.448588114579029806e+00
-1.769630953482788982e+00
-2.915374413442908264e+00
-3.404057810986069743e+00
-1.325647297241677292e+00
-2.294153661850086845e+00
-1.689515429725909401e+00
1.609223672100163371e+00
-4.037922535389335543e-01
-3.795210050305200866e+00
-2.340136059440054428e+00
-2.336350610402700756e+00
-1.387811277730971460e+00
-2.217272208769971442e-02
-1.532449859183388385e+00
-3.295508813474067100e+00
-1.184996061073913642e+00
-9.968466103744634266e-01
-2.956328616797449627e+00
-2.621632317950377544e+00
-1.397331018174403916e-01
8.633615063114131738e-01
-1.449811835110006442e+00
-2.313470846114004331e+00
-2.689720124003649904e+00
-2.116639702196868367e+00
-3.252977245814555829e+00
-2.221460110840955071e+00
-4.835805587961812257e+00
-1.512368931756038704e+00
-1.494895105808948133e+00
1.904050801032873552e-01
4.768411079830870314e+00
8.447425505293198356e+00
5.740209048007291592e+00
7.607450781873282608e+00
2.930519716941569985e+00
-1.542941968934212094e+00
-2.059553410711207899e+00
-2.193709011123456509e+00
-3.597227551574871729e+00
-2.533803644703753744e+00
-4.551454484024565872e+00
-3.816376324408169207e+00
-4.089862042759327743e+00
-2.839406138823161285e+00
-7.500190673359105054e-01
-2.933476833947347373e+00
-1.794276631121928922e+00
1.881453339506021338e+00
-2.777263384788579703e+00
-9.555927180346008853e-01
-8.071440447470504820e-01
-1.322049608752732253e+00
2.616615598940002840e+00
6.441028862131775945e+00
5.172360451800790848e+00
4.150244916159856245e+00
3.054400991598896553e+00
1.258895874749771604e+00
-1.804755616187353029e+00
2.647689694243662739e+00
-2.603008387917977284e+00
-1.620150120207544120e-01
-1.392650498725420904e+00
-1.452960413351743751e+00
-2.423894120711091116e+00
-2.907565878683031624e+00
-1.546838653408932229e+00
2.436678971453441367e+00
2.441645550965006795e+00
-6.351057216455873178e-01
-1.357351479295102470e+00
-3.933563940063101061e+00
-4.627476133432636196e+00
-1.862822239909257993e+00
-5.206804819261460437e+00
-1.218419350764470277e+00
-2.061462823309704095e+00
4.314286192209868531e-01
-5.511631788880090310e-01
3.624708593212274454e+00
5.172874067053808922e+00
4.243796451055590779e+00
4.054497791991750866e+00
6.980320722670348976e-01
-2.164667177711963486e+00
-2.985221312890311562e+00
-3.910743200025738275e+00
-3.282240574733814586e+00
-2.880764199947776660e+00
-3.443361210897455393e+00
-4.870053656270447284e+00
-1.693833230739961726e+00
-5.310182691749446571e-01
-3.267120557401000269e+00
-4.880973108286141282e-01
-1.302945067571403159e+00
-2.319882028330142898e+00
-1.192476197346213240e+00
-1.806961001207442186e+00
-3.978983247750181196e+00
-3.709017154809178152e+00
-2.195507689785078487e+00
-5.099935137813164765e+00
-2.032569113195382027e+00
2.980846660978647145e-01
-1.794893323247603867e+00
-1.150138798558109965e+00
-2.500641665124727187e+00
-2.415224318381701263e+00
-2.417365520728593342e+00
-3.792263447602702175e+00
-1.668742845024567600e+00
-1.261777449420989905e+00
1.079063830445893268e+00
-1.157633247170380075e+00
-4.145729669674153572e-01
1.392118360868751237e-01
-1.716335894594033240e+00
2.633108446203565656e+00
-1.908817276364340287e+00
2.098023235948296428e+00
4.363315686804550175e+00
6.839940018734559146e+00
8.296911804932509682e+00
6.227455743825903056e+00
5.682347775786374733e+00
6.982724500443389104e+00
6.468536152575690146e+00
3.687200551376909718e+00
-8.823081502095515560e-01
-4.489848453843488518e-01
5.025588062557262425e+00
-2.720055900855582465e-01
3.128392470118622537e+00
-6.837905299981358320e-01
-2.683657538291472466e+00
1.287547867406168445e+00
-2.203720752894814616e+00
-1.253174327681972899e+00
-1.350588046038967427e+00
-4.477968525370166653e+00
-1.531131114824980877e+00
-1.442330696924709388e+00
-1.834404887234860837e+00
-3.708704245006386291e+00
-3.799065682951984879e+00
-3.182295620615519294e+00
-3.369786483887493134e+00
-1.095393708195601778e+00
4.211028024777383472e+00
-1.099179589374408073e+00
2.902877055268902495e+00
-3.210734550763766126e+00
-2.372880312523491408e+00
-5.597296152824572602e+00
-3.795191230308189390e+00
-3.839629761430301880e+00
-4.116246124361318870e+00
-3.193362679147178085e+00
-5.227160810683378678e+00
4.824240336727538686e-02
-2.569336269128960737e+00
-1.349677072559686275e+00
2.638057666164518977e+00
2.993516823824286632e+00
4.474340346725049211e-01
-2.907448736242939091e-01
-2.832083655427944269e+00
5.343540813109437515e+00
2.713935994877834101e+00
3.081407402528490991e-01
4.780768397396363056e+00
-1.091504537081158466e+00
-2.070620458832726829e+00
-2.098256645009140886e+00
-3.527313305803362997e+00
-3.842765793626840232e+00
-4.988332700651155527e+00
-2.716109003738572003e+00
-8.933782853908901478e-01
1.204488121482478968e+00
-1.151701190642152595e+00
-6.819504525481270285e-01
6.105372585279257969e+00
2.840133236434020603e+00
1.273363065114677395e-01
-2.414604204163074641e+00
-1.022405670014390866e+00
-3.811113443887928387e+00
-1.886517309628038097e+00
-4.623245246755337767e+00
-2.851838587920731527e+00
-4.131793133271279395e+00
1.181723299487730694e+00
3.321675884950137547e+00
4.843888614765186063e-01
2.910432441121665548e+00
6.096627738255701701e+00
7.605410478860135548e+00
4.702948963186903697e+00
4.461219952554022150e+00
-2.353265916179541062e+00
-2.599204634375761103e+00
-3.700489971131663225e+00
-5.101443170690898476e+00
-4.406847026081109675e+00
-4.260929618915999306e+00
-2.784935819806653612e+00
-1.657073727816910980e+00
3.544061351756938816e+00
-2.373086743719253988e+00
-1.514011443018527414e+00
-1.051452054449676821e+00
-3.542863180790386313e+00
1.793250478132389913e+00
7.222662238979039584e-01
-1.641133292470880578e+00
4.664475184047154777e+00
-1.500674566090622220e+00
1.029947298548088641e+00
-2.828886304523770434e+00
-8.122196968220891655e-01
-8.739820399525010108e-01
3.469258228475715189e+00
-5.173064791428941822e-01
-2.293527107398265041e+00
-4.236316331468507279e+00
-5.302168989623993411e+00
-3.146332106631127612e+00
-4.005505255159469868e+00
-3.251949678888592654e+00
-3.473281125451604279e+00
5.084730745624828963e+00
-9.828094953858833582e-01
-6.480682404293236498e-01
1.342061531974828803e+00
-1.762797853848437069e-01
3.628270352618150785e+00
5.729389019586363041e+00
-6.175501428609035948e-01
1.360355030915064489e+00
-6.669570798702643133e-01
-1.753411684099387635e+00
1.176704737158379199e+00
-1.280209873637028484e-01
3.032967137040738947e+00
-1.808177287575503556e+00
-1.809074296514430857e+00
4.978733371446153022e+00
4.119198533695627162e+00
3.687593395542624108e+00
-4.073223143662430878e+00
