2.481856946546042053e+00
-3.672643451486343302e+00
5.314373417883731854e+00
2.068592122211738715e+00
-4.463545731243236947e-01
4.998300063290622042e+00
5.083422436841904535e+00
8.788321061445525828e+00
-1.101102192409188163e+00
-3.234597611970513764e+00
-5.033148968290081626e+00
-6.730405244983805879e+00
-7.153126886005460427e+00
-6.999436838895329416e+00
-6.726539005623709322e+00
-5.255795364302606743e+00
-3.280075421437960159e+00
-6.973620326909850675e+00
-6.923754133658097665e+00
-6.559008679492749572e+00
-7.070471482100805005e+00
-6.117493756603307631e+00
-5.960158376201008856e+00
-3.640210115326973916e+00
-5.146738593119465577e+00
-3.298247560339562234e+00
-6.548290742154270205e+00
-6.881410645081213140e+00
-7.319071681945534813e+00
-7.483486732879277348e+00
-5.425557722882627942e+00
-7.503650368758862932e+00
-7.392680023719894855e+00
-7.474192228818010264e+00
-6.585191103190064510e+00
-7.002082134830147631e+00
-7.201446256357047382e+00
-7.115871549905540938e+00
-6.801351388026159128e+00
-3.070260652601729756e+00
-2.996399318980591975e+00
-6.465064765595771590e-01
1.096205275302036375e+00
2.320440289005642587e+00
3.574411591171940739e+00
3.776983247369146035e+00
1.637083836392989822e+00
1.035204191080040914e+00
-1.546722115930300630e-02
-3.594732574947920423e+00
-1.230038845623019350e+00
-6.504411637022650128e-01
-5.391544975574153575e+00
-6.573195481695770503e+00
-6.709493542542714017e+00
-7.334107307209365878e+00
-7.262671947120005633e+00
-5.129857872590068091e+00
-5.742953756417187527e+00
-3.290201727331591552e+00
-6.114405828721289460e+00
-6.407476954187973917e+00
-4.135740288638032780e+00
-6.514700072875188042e+00
-6.599813628765518025e+00
-7.447630203669961091e+00
-7.462074016650544372e+00
-7.845965058855076002e+00
-7.648688104577938240e+00
-6.567592214779212512e+00
-6.898728478703275435e+00
-6.339478923842036373e+00
-6.796412542660347000e+00
-4.204637307125365986e+00
1.460647273607026675e-01
3.348576140537705470e+00
2.904642328637180526e+00
6.116468888049299224e+00
5.251734966254310244e+00
7.578952740735155125e+00
6.404157920074435850e+00
3.076860463599048856e+00
6.451440034965152392e+00
8.812109704223805018e-01
3.313789649000922655e+00
5.423836339766918258e+00
7.924172125385126719e+00
8.595574402535119063e+00
6.412347121044742693e+00
-7.713531837807835467e-01
-3.869896747695758421e+00
4.461458099897144258e-01
5.065804122860081193e+00
7.838164425041878325e-02
3.878366685952744586e+00
-3.067087360324116663e+00
8.001317113668957592e-01
-2.786472311999280027e+00
-1.559295987512497872e+00
1.134863850482927594e+00
-4.651622907543975782e-01
3.125578421619700453e+00
-1.216272605383542871e+00
-4.582624259919465537e+00
-3.769481947635118679e+00
-3.156009538998284736e+00
-5.487447271075565958e+00
2.017669992653988054e+00
-1.026387235894071076e-01
-4.627098997151345983e-01
4.647746140442194918e-01
-1.274400842329027395e+00
-3.727068148359565125e+00
-4.806080587715036323e+00
-2.950380895660905001e+00
-1.024241882142797211e+00
-1.524422100950864278e+00
-2.904975001957697534e-01
-1.338234483491320015e+00
-1.667588318371842959e+00
-4.826272478816469036e-01
-4.018104506417992106e+00
-2.471507954826988041e+00
3.199932587869373624e+00
-7.974615225508991934e-01
3.364763236968043802e+00
1.304459165595099224e+00
1.506078560801292765e+00
-3.086460561493621135e+00
-9.796516114661278918e-01
-1.412152641671075015e+00
-2.638275139300432670e+00
-1.037623553796156006e+00
-2.384420394456287617e+00
-1.588364482539253997e+00
6.096756326437631213e-01
1.023137538170995953e+00
-9.433216463750011549e-01
-3.816260830230843837e+00
-2.945503802813145833e-01
3.572343166674467607e+00
-1.116823085976500901e-01
-1.395800170098736137e+00
-2.800203258093699077e+00
-3.285078970269271481e-02
1.982709228293313142e-01
-2.812063402717298377e+00
2.527587394773890495e+00
4.060548410204090963e+00
-1.318069830108004270e+00
-2.030603695832546851e+00
-2.647848675893704762e+00
-4.920805424144115925e+00
-1.108294590961909964e+00
-1.138420528555410094e+00
-1.375864683070043837e+00
-5.849437210364839546e-01
-3.406781592831492400e+00
-4.124046204306266894e+00
-2.845419217479215668e+00
-3.322736194747186733e+00
-3.962377450743079788e+00
-1.060164276241409409e+00
1.454770606797666899e+00
-2.979494988090181984e+00
-2.720459819729245776e+00
1.223159349635443816e+00
-1.871228288150333929e+00
5.548966481237133791e-02
2.286770820342393762e+00
4.835561344635538106e+00
9.118289580707973352e-01
-4.154203110505424235e+00
-3.208775865857078635e+00
-3.759351628812138912e+00
-1.252841331358029775e+00
-2.254220162822454299e+00
-1.454802610497281101e+00
-1.314495839200342742e+00
-4.348699103375444963e+00
-1.578215618021916011e+00
-4.395056520170802727e+00
-6.080879617866703057e+00
-1.982399231344292190e+00
-3.014148168450908827e+00
-5.744116831188650352e-01
-2.455833464214858708e+00
-3.502229786645282505e+00
-3.115585655610000337e+00
-1.422873433278421862e+00
-2.048977713757992092e+00
-2.418024119024942298e+00
4.733756688713102734e-01
1.915636008584748140e+00
-3.132374583437533389e+00
2.670040592513246214e+00
-7.313226575456872602e-01
-2.392070271990965225e+00
-2.310157827539375930e+00
4.504062456473707066e+00
-5.764091275837057715e-01
-1.650181662456638998e+00
-5.272853847579824782e-01
8.955168614736079558e-02
-1.955286817969407176e+00
-1.868072625689231048e+00
-1.277652645122322239e+00
-2.637067717007388623e+00
-4.062517702649967588e-01
1.419849963250426450e+00
-3.491995387316219279e+00
7.749448822423188332e-02
-3.855322294893874790e+00
-1.180813304213762072e+00
1.032559976711294736e-01
1.805026564714603543e+00
-1.031140732990669662e+00
-7.592089163883641856e-01
1.065114201831341284e-01
-2.202045701705021674e+00
1.972102018326296280e+00
2.962586701662724753e+00
-3.333338659151338645e-01
-2.297067906733311737e+00
1.953723706037085339e+00
-7.285161580742026688e-01
-1.887908118671708824e+00
-1.618509351014405295e+00
-2.328853754804529608e+00
-2.422805141510637750e+00
9.293198828363602448e-01
-5.134489491455921373e-01
-1.885973387497275722e+00
-2.170362007150225203e+00
-8.143282078054705497e-01
2.328492328546126533e+00
-1.178564651557384879e+00
-1.504939797783823252e+00
-2.905107876273465450e+00
-1.058664881445580574e+00
-2.081308727018940541e+00
-2.071092396147333758e+00
-3.474291651131625080e+00
5.787878710094047641e-01
-2.046479854956300581e+00
1.746777155472482468e+00
2.141172829086799734e+00
1.009440131449474265e+01
6.030218772552757400e+00
6.092561780618584777e+00
5.316456164781175886e-01
-5.046421536095434535e-01
-1.037382479609206154e+00
-1.011275385214669198e+00
-2.865765465493145037e+00
-1.902018263000538445e+00
-3.389991836430469085e+00
-3.700288126223401974e+00
-3.490400063378659823e+00
-1.854597522569844559e+00
-1.184542802688768603e-01
-2.611038348381296004e+00
1.095739761370194243e+00
-1.972167733048204807e+00
-2.335297221038754145e+00
-1.383282592644893283e+00
2.466284224688026772e+00
2.950617437405241184e+00
2.470607884238973373e+00
8.059649351492835123e+00
1.571136449903410282e-01
-2.165179532726616785e+00
5.365882434968531900e-01
-2.690417361406013397e-01
-1.904512298039962248e+00
4.361824659469028198e+00
-2.269659026793348300e+00
4.333978204590078764e-01
2.487857314470486081e+00
-1.512732238880281320e-02
-2.492654878830036669e+00
1.518709410731271303e+00
3.239545050092985878e+00
3.587400787785721690e+00
6.340632190687127689e+00
4.304211002867177172e+00
8.999855628895922499e-02
-2.818630512827316359e+00
-2.748533025276694630e+00
-2.005060279452562710e+00
-1.577475991392747856e+00
-1.024407799112422024e-01
-1.803650741180964356e+00
-4.767239433879839616e+00
2.224247967554679573e+00
-4.814757061833565999e+00
1.394209575419544489e+00
-3.338894200854016781e+00
1.881716141762823924e-01
-3.548850540301581535e+00
-1.029121480557687596e+00
-2.651479984115620692e+00
-2.987896197057136494e+00
-2.046537743326589442e+00
-3.541921054372330513e+00
-1.059271111961855028e-01
-2.308113241597307130e+00
-1.204688431340714461e+00
-1.150227796205015585e+00
-1.094586446028231297e+00
2.267350361142967063e+00
-5.156205710524444097e-01
-1.497310102315236202e+00
-3.660573206037921468e-01
-1.414650861711621133e+00
-4.278255290173389902e+00
-3.315850118642808653e+00
-1.404166448497374375e+00
-3.642338989060390109e+00
-1.986662488936794535e+00
-1.676196652757370176e+00
-1.909174312911277704e+00
-8.047214466615947304e-01
-1.131813277173223442e+00
-3.500329500239944824e+00
1.905016696231264461e+00
-1.345890409133759236e-01
-3.764995298415014791e+00
-6.183840042451707042e-01
-1.722350851903107438e+00
-5.842560168877263677e-02
-1.086980731941392442e+00
-2.210408934646313384e+00
-4.068459829117114346e+00
3.085843786245672682e+00
1.801018191625792797e-01
2.930631125190523711e+00
5.350518485124145407e+00
8.297775158811136365e+00
5.772518840382226735e+00
2.888847009450639991e+00
-4.185871286584194273e+00
-2.560361390945263160e+00
9.629641685848441268e-01
-1.200755359788573673e-01
-8.986072536613902706e-01
2.110161975831897685e+00
-2.705103783552142635e-02
2.846023634877654196e+00
2.553238174753357015e+00
4.209955157853020324e+00
-1.826225410485411649e+00
-3.124751362198066928e+00
-1.742050459293898124e+00
7.906014906755770566e-01
-3.623740484089692515e+00
-2.973630528221001601e+00
-2.503583286975524236e-01
3.664658322276908575e-01
-5.313674976519151549e+00
-3.992372571274640958e+00
-5.699809443784432439e+00
-1.769018661442195883e+00
4.853744370347726211e-02
1.401129988950642113e+00
4.537905688183013098e+00
5.194045065413768203e-01
1.225331900995643597e+00
-3.016684700187206580e+00
-5.302826506106169901e+00
-2.876425861429473319e+00
-3.466511505478560018e+00
-2.358454760002239858e+00
-1.090475024758709166e+00
-1.696731201216663099e+00
-2.923417264990567421e+00
-2.638098227826086717e+00
-2.468295704552442071e+00
-1.188879624476794072e+00
-4.202508207154711517e-01
3.318641014040007775e+00
-2.025664240054110277e+00
-2.039016925077573816e+00
-8.382643461108149063e-01
3.802922186346355371e+00
5.891159427731552434e+00
4.671337360813426542e+00
4.663004619451832866e+00
-1.430192105976884287e+00
-7.864932085608762335e-01
-1.329327517823863714e+00
-1.509266812274651537e+00
-8.003424106750468559e-01
-1.324572515876894174e+00
-1.300231222130713293e+00
-2.457607280594195642e-01
2.146730754010243825e+00
1.994744263060403977e+00
1.423831635942406582e+00
1.149324633288591191e-01
1.829880120325147186e-01
1.063661529405188988e+00
1.687257690763588558e+00
4.676300881396569409e+00
-4.455379997323032804e+00
-4.248935694240555949e-01
9.919550380674947432e-01
2.089681717164436847e+00
2.322001221811411942e-01
-1.993167079522952800e-01
1.623173653280005624e+00
1.979654077853911343e+00
1.652244784828963642e+00
1.378514802534522854e+00
2.087700927573615584e+00
3.055640759070719081e+00
2.811286972659674532e-01
8.584156167968937101e-01
6.041170242169164872e-01
-4.076423138809764701e+00
-3.728516562009866142e+00
-1.059346524181255411e+00
-2.682740073717349460e+00
-1.596687537440772964e+00
-6.363897893928770477e-01
2.881019872669385862e+00
6.923894404373680533e-01
2.095949071320110768e+00
9.280952180918932148e-01
-1.086576534614398737e+00
1.036387049548165296e+00
4.652746751860977525e+00
-2.696390720711866473e-01
4.865485454145928479e+00
1.345380002921896967e+00
4.841641774460383019e+00
1.584109500642856938e+00
-2.181357476821144559e+00
-8.266335804867793735e-01
1.772406786752291463e+00
1.875292421930343956e+00
-1.289995042280496884e+00
-1.533938645031985848e+00
-4.191394895293872658e+00
-3.606297659027838165e+00
-1.715513697675983273e+00
-8.177465807941065590e-01
1.696160418340880716e-01
5.816425964078338673e+00
-4.124484881748991527e-01
-7.218633334333608431e-01
4.421797870980620715e+00
1.560668984062235864e+00
5.094927834786820320e+00
5.994066137571656405e+00
9.762665316596219611e+00
-7.307811820264387137e-01
3.119380565926437865e-01
5.610017450126338900e+00
5.720067951922092497e+00
4.131355704623926428e+00
1.713476842576221015e+00
-2.428233978383935288e+00
4.071639160681035818e+00
6.274909892595906591e+00
5.983439031466741831e+00
-3.864308372037328909e-01
3.305468775976200035e+00
-9.150535943154081142e-01
-3.602604197199871905e+00
5.393912493113935724e+00
3.541128755124298255e+00
7.795130838064068257e-02
-7.881380830157302952e-01
-1.707593061059636819e+00
-5.242127775370279075e+00
-3.429036403169922309e+00
-3.576228969719441597e+00
-6.824108187019727545e+00
-7.735257170646653080e+00
-7.529435576985663126e+00
-7.157087770807966542e+00
-6.612153204623165692e+00
-5.797397470970876654e+00
-3.525183669000357067e+00
-6.597096870587762396e+00
-7.180218073341425367e+00
-4.725083318849945258e+00
-7.053132324589355129e+00
-5.472856498093460864e+00
-6.888682989168872339e+00
-6.417674329800085786e+00
-7.001130546202385396e+00
-3.531247289118087718e+00
-6.634760955527352344e+00
-6.397426887896001446e+00
-5.257676972547422167e+00
-6.730358596196629684e+00
-5.898881454409817593e+00
-7.193390541499134372e+00
-5.193597412323853746e+00
-6.913306192327585364e+00
-5.393191841734243930e+00
-6.070759689254281000e+00
-6.861500566762625652e+00
-5.722679519729922504e+00
-6.554454094696921196e+00
-3.576790954552911739e+00
-6.559528148392370639e+00
-6.300900623556448643e+00
-6.398240065181509451e+00
-6.627299129095451491e+00
-6.960879241070620616e+00
-6.119735527672926167e+00
-6.613010030545357409e+00
-2.884682482592000774e+00
-2.640912042468942733e+00
-1.563044397523970508e+00
-2.045939591199737784e+00
-4.909405657472314388e+00
-5.379167339425460881e+00
-4.652644747008063852e+00
-6.482595048486200717e+00
-6.777766097083731012e+00
-6.516344347367128087e+00
-5.787802561885552421e+00
-6.401766224726928911e+00
-7.084801879618233933e+00
-7.191913898526898663e+00
-7.479369052841544629e+00
-5.368445242642416737e+00
-7.369999759428740305e+00
-7.820427054317795168e+00
-7.532315803198780912e+00
-7.455548859046812638e+00
-7.174553412358331883e+00
-7.730575227610857247e+00
-6.376147334290968693e+00
-6.738185196231412988e+00
-5.659846301066112417e+00
-6.036143571986520406e+00
-3.464319001475841375e+00
5.342961222762245832e-01
7.129878060210155688e+00
3.365165071868500224e+00
9.355422676425526163e+00
5.712311387256987949e+00
5.625333195026419375e+00
9.766269892218149451e+00
4.630942280986339199e+00
6.055535257406304162e+00
5.802260501051064168e+00
6.650276820340475403e+00
6.795313575362203373e+00
7.433270263337820261e+00
8.062191150845068321e+00
4.768691238798886900e+00
-1.183720894520116751e+00
-3.024530359099438570e+00
-2.923516260739854822e+00
-1.618127353753904041e+00
4.458914809992821082e-01
4.325624726367463424e+00
-3.794650400658071909e+00
-8.129534790962823498e-01
-3.006294616948134824e+00
-2.011643225490236553e+00
-2.996097022087977013e+00
-2.974236076489875646e+00
-1.894481436588942413e+00
-2.428544199070391318e+00
-3.973927384998921397e+00
-3.935914837163239532e+00
-5.003687050021450311e+00
-4.321111312574518415e+00
-2.743993335226452945e+00
-3.411881215283524948e+00
-6.495727770231820575e-01
-9.278900627328485751e-01
-2.659761306773169576e+00
-3.428442146519361966e+00
-5.343127517646423463e+00
-2.674683826639717488e+00
-1.330468987743785414e+00
-4.150480979115709346e+00
-1.848913908285454211e+00
-7.078806302584566001e-01
-1.597825722079292632e+00
-1.249404554824630420e+00
-4.059250359968760158e+00
-1.152882129710847831e-02
1.103769850979808620e+00
-2.136073679720204233e+00
4.120048486361334028e-01
5.636022606258259238e+00
4.393658962197999784e+00
-3.354351144575574928e+00
-9.543734790497970799e-01
-1.847647197199173696e+00
-2.805770894960628148e+00
-1.280506936201861956e+00
1.598812371295966206e-01
-2.143508929848496170e+00
-1.507554193577080592e-01
4.636730388430714278e+00
-1.149511617795472729e+00
-3.257017944569048140e+00
-2.110480094183753597e+00
5.326701808341635314e+00
-2.386285488028758284e+00
1.807010642885155782e+00
-2.037305554668224494e-01
6.934120710493891782e-01
3.622752993757825557e+00
5.755360467110294032e+00
4.775517163124773035e+00
-1.258931554669894037e+00
-5.008315625612519639e+00
-3.742259681908209235e+00
-1.911450174718341444e+00
-5.183971538996082096e+00
-2.486904946551171947e-01
-1.633584198618111660e+00
-7.450854843984699993e-01
-3.345705291204024712e-01
-3.231254252173723973e+00
-3.986587303778557079e+00
-2.158628428453143844e+00
-3.005864199915223800e+00
-4.148862930517418945e+00
-1.030065029540856658e+00
-2.884809249821762012e-01
-1.619730172862658302e+00
-1.130938450453524036e+00
2.821889055994298179e+00
-5.824833244209025374e+00
-1.432985457681599017e+00
1.655164695990785639e-01
2.056633054981986231e+00
1.824591783724785587e+00
-3.972911213334737734e+00
-2.866537759089107240e+00
-2.553832663917142920e+00
-7.344363585001113526e-01
-4.095163482232636376e+00
-2.300375425372083615e+00
-2.583881402786690540e+00
-4.453133636339451584e+00
-4.810907570992258186e+00
-4.651798913497359855e+00
-5.792341779036974891e+00
-1.895361902109750973e+00
-3.102145974542904749e+00
-9.086437648009630941e-01
2.423439982510400825e-01
-2.240106527430602235e+00
-1.171541746542918094e+00
-1.140565111378776475e+00
-1.911488990078701100e+00
-3.289714062572529407e+00
-8.434634903273687812e-01
-1.540337207492857186e+00
-3.823918546364623694e+00
1.398994214517086387e+00
-1.639942513865535689e+00
-5.026504135192140232e+00
-4.101063275724467161e+00
6.269844285099411829e-01
-1.151594439703201411e+00
-2.741288790182220492e+00
-1.551721483536196766e+00
-9.228982074491930421e-01
-1.848658104076360109e+00
-1.712022401327049304e+00
-2.250100847465623222e+00
-2.351416537016434383e+00
4.986011860849582256e+00
2.509681269800990044e+00
-1.121027052334232055e+00
-5.156741874872997622e-01
-3.325760124332908241e+00
-1.853970907953707226e+00
-2.321871993786438715e+00
1.444216641611587360e+00
-1.148524039318139067e+00
-9.894518260531361964e-01
-9.535402733556442856e-01
-2.119638475488018869e+00
-2.470174485216950266e+00
-1.381542555003731243e+00
-1.298873214381172758e+00
-4.288092770771767981e+00
-1.025872856583371212e-01
-2.573272661682836304e+00
-4.699485205712686131e+00
-2.346085437981257904e+00
-3.400040932159134943e+00
-2.036713052331650786e+00
2.147143417326462966e+00
-8.878497072400266532e-01
-1.380025573230097224e+00
-2.134831116873984858e+00
-6.849031143737319693e-01
2.342304972241068040e+00
-1.156738524939435520e+00
-1.726752569927200165e+00
-1.917812699374899177e+00
-1.638723466770530546e-01
-3.311130736550687459e+00
-4.370466427676152676e+00
-2.890062427611311158e+00
3.223579187243097888e+00
-2.000670621659175197e+00
2.138167072899868071e+00
2.830397518848797755e+00
1.041343955072424521e+01
5.984755654596569663e+00
4.772442860405536003e+00
5.494354751883974153e+00
3.109825596598846456e-02
1.120318991479507087e+00
-7.501277491102261719e-01
-1.892065222989662399e+00
-1.303841975505240391e+00
-3.696700876590178542e+00
-3.653734576337903661e+00
-3.359885336393949373e+00
-2.229249902832019181e+00
8.448673496939774763e-01
-2.160156567670642680e+00
7.158365569138844808e-01
-1.691868653839816883e+00
-2.015073012209459336e+00
-1.234471966784387309e+00
1.703153904978945477e+00
2.107202904879787564e+00
3.735177109710667409e+00
6.171978047287421276e+00
-1.158155842347200204e-01
-2.594813721555495167e+00
-8.790543413176161724e-01
-2.839018644174614026e-01
-2.124354379957682948e+00
2.165657526286360657e+00
-3.165007342132690749e+00
-1.119959994315563145e+00
-6.253864592043927306e-01
-2.423050527765424622e+00
-1.040491842619008400e+00
1.430702645497625713e+00
1.726039768045441125e+00
-6.387961270050778184e-01
-1.888197749057901609e+00
2.583553585549175136e+00
6.105263298913392589e-01
-2.347029787616349061e+00
-2.502083600088989002e+00
-2.340121039513850310e+00
-3.868824419049448515e+00
-1.037982700541902226e+00
-1.981622070530663304e+00
-1.487874058893077223e+00
-1.622322851972416435e-01
-9.398973430365967774e-01
-1.195032205886669807e+00
-1.071610170339936177e-02
7.345317473915948803e-01
1.954856153884785952e+00
-8.759764184437118795e-01
-2.781033679498223332e+00
-3.535116794586296685e+00
-2.176492843026844870e+00
-2.945113147000251619e+00
3.190199422969254295e-01
-2.756302393714311183e+00
-1.578751495802703353e+00
-1.663175283957977646e+00
-6.376713551405761571e-01
7.720460898434481356e-01
-7.425777283857496469e-01
-7.115413889041026785e-01
-8.045195234508044635e-01
-1.479048116161741921e+00
-4.972560809289745087e+00
-4.086251533616016118e+00
-3.268747323048540654e+00
-2.680934212823276930e+00
-1.498026984345374180e+00
-1.593065764605015866e-01
1.448167400473191035e+00
-5.723535502010101972e-01
6.558372996458302628e-01
-3.333380289508069971e+00
-1.430568178654874734e+00
-1.789441432929087084e+00
-2.899149373394365625e+00
2.539899383076772432e-01
-3.660691207812540870e-01
2.488961353107025376e-01
-1.587972394852063207e+00
-3.026746643394329528e+00
-2.498276904193403425e+00
2.986060225796627776e+00
-1.959173797162065522e+00
1.794730007523032800e+00
2.112919687561345850e+00
2.735618640568704851e+00
-4.445760216636325812e-01
9.758601907221259308e-01
-1.022427666110201194e+00
-2.952513022698388223e+00
1.870691844264734449e+00
4.807586681372853832e+00
1.696101323758269830e+00
2.290427074881320912e+00
1.066851023467739745e+00
-1.565688476781035066e+00
2.783026494575840282e+00
3.669375653476395716e+00
-3.229065688809451551e+00
-3.164915620267751528e+00
-7.839555442236553207e-01
7.041381202747039048e-01
-3.972048364960419242e+00
-2.673361371514586082e+00
6.312617472715239542e-01
2.912079773514845149e-01
-5.557279421988932100e+00
-4.835988630568497371e+00
-5.260671495023381716e+00
-1.306646233207018115e+00
-1.421188183144441730e+00
1.325467448751345811e+00
1.418500584692878874e+00
-2.113157048709735975e+00
1.244522518341446338e+00
-3.113271504337847162e+00
-5.780288463681852562e+00
-3.695523550039183203e+00
-2.499759552767508719e+00
-2.373373881293774357e+00
-9.018340828677252619e-01
-2.100799626846043378e+00
-2.895241598770906588e+00
-2.859686454489822172e+00
-2.359673897474985793e+00
-5.462010083597832466e-01
7.533905457448661358e-02
3.044976798190478728e+00
-1.812756226718682806e-01
1.341921927248587831e+00
3.127200743333984345e+00
5.679341834324366012e+00
6.695744348180526551e+00
4.352547472140504858e+00
3.828975922119616460e+00
-1.219647458528133388e+00
-1.128068853295877000e-01
-2.399289898754410011e+00
-2.462905197540018687e+00
-1.086034435347099869e+00
-1.659020525654333111e+00
-1.757018335562670952e+00
1.296775683016667402e-01
2.436916270861704259e+00
2.798131290569187524e+00
4.718949842957736784e+00
4.848874394615158678e+00
2.725647625124351325e+00
1.795103258648249378e+00
2.497023823552877886e+00
1.873274998415200177e+00
-3.408037128263693205e+00
4.444055659731780961e-01
5.816300508809792991e-01
2.311908564390293908e+00
-6.518822003407325205e+00
-2.526993172594504511e+00
-5.082136493007975986e+00
-9.801370096356930572e-01
-1.345530437862036077e+00
4.293112324702449412e-01
8.053937350170822240e-01
5.356447489115106819e+00
2.442244729079535437e-01
4.155226390679366277e-01
4.461269395214344513e-01
-4.694496219664991976e+00
-2.645548531337817089e+00
-1.083851958144053107e+00
-3.429876498568467103e+00
-1.771878949523063573e+00
-3.954311946181910953e-01
4.573136455734051475e-01
-5.969685446980984578e-01
-1.577630256342889226e+00
-4.797751793782675023e+00
-1.223441509562733343e+00
2.567840638891253136e+00
5.378232428802301790e+00
-1.355675161438831822e+00
4.566997421116097300e+00
7.700108634601209312e-01
4.124867752821677946e+00
-9.947073095300238421e-01
-3.617220835689348934e+00
1.144631828837647136e+00
4.417924573041171143e+00
4.490584896355931943e-01
-1.350888154500815119e+00
-1.645876645220651691e+00
-3.424225429276415600e+00
-1.465848991896292475e+00
-2.623622957637442799e+00
-1.765777417633458857e+00
-1.067890111781343077e+00
7.042337464028129546e+00
-4.016810276477114083e-01
2.647331168486401598e+00
3.023496201700724306e+00
-5.462522453455265214e-01
2.414103770224174106e+00
-1.201425712284792668e+00
6.764874380406384446e+00
-7.385351200584038267e-01
1.422053235749274780e+00
5.309965023216192570e+00
6.605826925063778887e+00
3.697164913080213555e+00
6.202152193524645973e+00
5.346562755641394160e-01
3.149857456662627175e+00
6.246947154080372044e+00
5.299395695901507608e+00
2.176452270121703947e+00
2.648083034586023121e+00
5.537679162263636101e+00
-4.367173753593347474e-01
6.725653754835319020e+00
5.862592635105865924e+00
5.728595874880350713e+00
3.445351479308921494e+00
3.050948897830134676e+00
5.017704140932972123e+00
5.098834028362162485e+00
2.585832090798649840e+00
4.075408993043291295e-01
2.241756361355474514e+00
-4.950087706193967207e+00
-5.144510133762587145e+00
-6.490114792462811977e+00
-6.266876881481175054e+00
-3.681320850648642562e+00
-6.853063437387593382e+00
-7.355432624193486646e+00
-6.607274722443785109e+00
-7.317153479321095944e+00
-6.786319928481369779e+00
-7.602385384508376198e+00
-6.596023140181824118e+00
-5.787308596561489438e+00
-3.753764082773965338e+00
-6.721113568868893218e+00
-6.562494959101252689e+00
-7.073224959735909145e+00
-7.260935775482588284e+00
-4.468373738760514691e+00
-7.138788268498583278e+00
-6.990176470358587579e+00
-7.592447032872962964e+00
-6.178346413375114032e+00
-6.234901741280075349e+00
-7.023040780427709961e+00
-6.541431753071035082e+00
-6.352399543594177800e+00
-2.712234217436817918e+00
-2.394420702184862026e+00
5.368267353080089510e-01
1.554461780558489048e+00
3.979601926746739071e+00
4.699199928894279843e+00
7.105112183710761364e+00
-1.830291509585650900e+00
6.633552439117095245e-01
3.040497874696796998e+00
1.943219305370106120e+00
6.915216511467003002e+00
2.854715346637423323e+00
-1.894085285043006328e+00
-5.469864541229301658e+00
-1.369519473241484597e+00
-3.523551437311883028e+00
-6.104350823755395616e+00
-7.088650983949551510e+00
-6.964290249381527076e+00
-7.992453089587417736e+00
-7.037624238048270975e+00
-6.997705277655543732e+00
-6.443730824171195692e+00
-5.980600829812424024e+00
-7.322324487195169596e+00
-7.116771950280728731e+00
-6.774065002976675132e+00
-4.924687343932746764e+00
-6.965847300681581977e+00
-6.740473472291588664e+00
-7.068511483740186563e+00
-5.326168872512376140e+00
-6.288970561065095666e+00
-2.035257842725313182e+00
1.239043334970403754e+00
4.751019534330093386e+00
4.143808245011116220e+00
4.997169801918524001e+00
4.458085932183641908e+00
1.739436163658532264e+00
1.955166661018583385e+00
5.186600681266735346e-01
2.074933078706899359e+00
6.216461168704955575e+00
3.608229735449451692e+00
6.125517513306136586e+00
5.540395673027475709e+00
5.565950147161954575e+00
7.790300875816607906e+00
9.339480163845055305e-01
2.427470428728388363e+00
8.600056860491439581e-02
4.027497538436832336e+00
1.409523978346981510e+00
8.572389870548974500e+00
-2.959445019578108571e+00
-1.090478544939130628e-01
-2.616429845370630503e+00
-2.060322433492639327e+00
-3.777662164453826410e+00
-1.998659417767193469e+00
-2.536250242735278437e+00
-2.576648825118236896e+00
-5.578691547334409861e+00
-1.718060910788961726e+00
-2.769398988572917997e+00
1.429437971329518275e-01
-1.685173160670615289e+00
1.729384514719167321e+00
3.251658484710242103e+00
-4.546334527292222316e-01
-1.412849156165721265e+00
-2.284092883552154341e+00
-5.309732857940780981e+00
-3.441850139048528767e+00
-1.481117897308391829e+00
-3.339165756961877118e+00
6.912607843864561064e-01
-1.165369640946371660e-01
-2.792693409620686573e+00
-5.452182863683541214e-01
-4.395541043466554498e+00
-5.551908623457596503e-01
3.799792804232652088e+00
-2.171283321969590396e+00
5.036137281617087957e+00
3.864179008554902595e+00
2.656551551621920026e+00
-2.513204478656758223e+00
-1.157089969265024276e+00
-1.722974359775780728e+00
-7.028845484874388649e-01
-1.318567355072255642e+00
1.714966758088788845e+00
-2.223338267117324740e+00
-2.059688541918775595e+00
-3.299755914811474344e+00
-2.139276317761372059e+00
-3.964509465274567379e+00
-2.538358318927822488e+00
6.109007698387297625e-01
-3.640579674485053374e+00
-1.478121065509977017e+00
-1.557278772058425131e+00
-1.844336630727964721e+00
7.229072039939223870e-01
4.442089700145302800e+00
4.805903125583484758e+00
2.551603811335052097e+00
-4.765582017404057069e+00
-2.538721527372020947e-01
3.659624553433907579e+00
-4.076971420496730225e+00
8.855778626443528978e-01
-3.229115326342534953e+00
-2.683353153577168193e+00
-1.093671761127210651e+00
-3.501934310053744337e+00
-3.577469951118106284e+00
-9.822967593185358837e-01
-3.541462509228963551e+00
-3.721570976435964351e+00
1.829671841911266750e+00
3.286554303402458577e-01
-1.288483112967412136e+00
-1.501780759715737767e+00
2.252851595556806696e+00
-5.341555856486080778e+00
-2.086071910076872093e+00
-7.614924299813011777e-01
2.790197231972896930e+00
1.611807821565861110e+00
-4.255822320758506194e+00
-3.531506187137602115e+00
-1.348078618688175689e+00
-1.742936924680338784e+00
-3.083301525148199218e+00
-2.433358804143296972e+00
-3.680249395383405897e+00
-5.186982462210227851e+00
-5.134038132757448025e+00
-4.755223312089031040e+00
-5.837731143147283142e+00
-1.646898825782847409e+00
-2.864115374043157303e+00
-5.161592976926435705e-01
-2.430288752148316966e+00
-3.135300469871430185e+00
-3.366999956103763125e+00
-8.057262651485451732e-01
-1.764381531354744181e+00
-3.518838673703121422e+00
-7.424534047194831787e-01
-1.362229317835396580e+00
-3.565934003789780871e+00
4.299739739462093424e-01
-1.638261425814403927e+00
-5.039562606679052870e+00
-3.689513748443169039e+00
1.251065415205377673e-01
-1.638971291840928712e+00
-1.923439676774084450e+00
-2.188906694558242716e+00
9.616363700599503406e-02
-1.799497154949378119e+00
-2.093021345406085754e+00
-4.229825989190734159e-01
-2.101382471588784995e+00
7.827519731066128195e-01
3.642672859404818109e+00
-2.579913386999136637e+00
5.133785955345342433e-01
-2.921903144939507424e+00
-2.562169393307329734e+00
-1.200833648562134481e+00
1.624247500072945716e+00
-1.739622889687323148e+00
-1.068644520937385156e+00
-3.160352104977604548e-01
-1.677575318119487680e+00
-1.485857577655123496e+00
-1.637954583035501122e+00
-1.181590687615177382e+00
-3.903134413041288386e+00
7.803783322798460431e-02
-2.118194678230160388e+00
-4.056002365575491986e+00
-1.198739146294325764e+00
-3.464440591130351965e+00
-2.810061264983137352e+00
1.655870803738839436e+00
-1.486516243945564142e+00
-1.863573073326354690e+00
-2.066491546446187488e+00
-8.791019530489748712e-01
2.094547303678286010e+00
-1.779069570533204692e+00
-1.834903424093470514e+00
-1.029957998270746078e+00
6.167596986164653600e-02
-2.337699174465388552e+00
-2.075848675297402579e+00
-3.541237210340451469e+00
5.786289001935892573e-01
-4.298210316825980648e+00
1.398025886691910857e+00
5.878087306255954658e+00
7.140367641909072027e+00
2.512338698876428911e+00
3.443204219051157366e+00
9.727350515066255365e-01
-1.483985637138486580e-01
-1.303724212499261403e+00
-4.970299582334748445e-01
-2.594833479115786545e+00
-1.171226254584036397e+00
-3.646096809748172518e+00
-4.005303651515716545e+00
-3.400779536234352030e+00
-2.080876271914519737e+00
-7.821025921804648506e-01
-1.597246281088449127e+00
7.575257671787191116e-01
-1.500673565906865958e+00
-2.183585373687014997e+00
-1.346673267908230498e+00
1.884477467973554754e+00
4.657523488544917711e+00
5.777352230570799385e+00
6.976418489773666742e+00
8.142968824667899952e-01
-1.784740866920753399e+00
5.347596000649026848e+00
9.944517640345016396e-01
-6.784254402691317631e-01
2.853759815406185396e+00
-2.993146487793726163e+00
-2.982757371325041262e+00
-3.198289876237512819e-01
-2.202842734449970585e+00
-1.971814360005385902e+00
9.222220276177601761e-01
-6.472995736306985659e-01
-2.470599389202304819e-01
-1.163713936319268116e+00
3.015141461014895885e+00
1.920761285120117789e-01
-3.360304139440978943e+00
-2.797900788443571152e+00
-3.171416658097093944e+00
-4.393541328080243780e+00
-1.000515661176230919e+00
-3.465955683077899252e+00
-4.551342889066948949e+00
1.953128444966445887e+00
-1.285361640448256626e+00
2.328762524139031953e+00
-4.295775036919568524e-01
7.432380843607114818e-01
-3.065548757803240765e+00
-6.934108083366420372e-01
-1.098677767151521323e+00
-1.608090356848443259e+00
-1.376195206236435320e+00
-3.702998849813290860e+00
-3.889138324811882708e-01
-2.386832458477754937e+00
-7.457901037093710439e-01
-1.323735550180745957e+00
-7.373872735106217213e-01
1.423570205206922346e+00
4.668635265529252204e-02
-1.419748323399098178e+00
1.113317838703666629e+00
-1.544097690863149186e+00
-4.270406889023117714e+00
-1.906349789508517967e+00
-1.507336742017245879e+00
-2.878710054442985111e+00
-2.434851410846989861e+00
-6.778251417737847229e-01
-1.607975025832027782e+00
-1.149686613539235625e+00
1.841694933922585653e+00
-3.022522624581121864e+00
5.584680751251027697e-01
-1.936746691745088733e-01
-3.762230597846322855e+00
-2.625967037765874590e+00
-7.460568789569047565e-01
4.158178719620713171e-01
5.347401738260256776e-01
-7.400044274140807898e-01
-2.602910038355771505e+00
5.279514761727831740e+00
-6.966593366574459489e-01
3.728505688165858478e-01
2.440533287256834161e+00
6.330701283229429599e+00
5.631086119275557245e+00
5.488530846606011870e+00
4.870511277776792269e+00
3.618919919525563245e+00
6.984302453050231785e-01
-4.513599208823942943e-01
-2.863499009805963169e+00
-1.635375853768588739e+00
-1.180013272596516893e+00
-3.345197290701081627e+00
3.911506450620657604e-01
3.933432640626514321e+00
-2.678019415442594031e-01
-2.487831405984671562e+00
-3.610904085070195668e-01
9.342586244859791833e-01
-4.128888350615700809e+00
-2.898083887323059216e+00
-6.828611315858464925e-01
7.910406415988059381e-01
-5.301048497522305780e+00
-3.790662313224705482e+00
-5.111755396643109073e+00
-8.617027597236858183e-01
-7.095351531732013717e-01
2.424897411052358009e+00
5.423630908574693876e+00
3.795294523825244237e+00
6.154082341395452627e-01
-3.453598275086777747e+00
-5.496119741327236241e+00
-2.602270471000682317e+00
-2.874543084302023654e+00
-3.085270999022484251e+00
-1.031751430271864445e+00
-1.357118557552669635e+00
-2.127799666544106127e+00
-2.179723630254569500e+00
-1.463425690992219197e+00
2.294587704747575591e-02
7.327148302612480624e-01
4.991819130364319790e+00
-3.632966851885152670e-01
4.251770797144161507e-01
1.380548492451408871e+00
4.917997199766935168e+00
9.180028552869147873e+00
6.304140160730049125e+00
8.615802965496326848e+00
3.547711777043062398e+00
6.335111337147270039e-01
-1.043123227860137670e+00
-9.144856999271467890e-01
-2.105563396672802678e+00
-1.996602187699849207e+00
-3.248664651959618510e+00
-1.785929122364034116e+00
2.059161724904110091e+00
-2.465158627323408513e+00
1.651941074758540129e+00
2.301139533630176093e+00
3.368802790449356710e+00
-3.321262249349142603e+00
-2.280603926919047897e+00
2.965403272221812880e+00
-5.038461999865659457e+00
-1.547754407668509691e+00
1.752926559608754875e+00
-1.733455416677577521e+00
-1.421146023540331482e+00
-2.947928257243106920e+00
-3.975460232847617625e+00
-2.776240299583228932e+00
-1.246780398177126603e+00
-3.232458154379190596e+00
-3.094612451248683449e+00
1.957735854038703316e+00
-3.460871399107238400e+00
5.678964711110225938e-01
6.747654773323187305e-01
-4.269122424099825786e+00
-3.945945023183292211e+00
-1.814083031702301563e+00
-3.641786233915603965e+00
-2.386774330406478573e+00
2.303638588604576820e-01
7.564807396226891356e-01
-1.845935976910533016e+00
-3.584934201136942555e-02
-3.440572067401418188e+00
-9.579663793547200656e-01
7.877271411634811926e-01
1.540049449781268454e+00
-1.482568792779499489e+00
4.571657150388451996e+00
7.167325242021365117e-01
2.947387310824903572e+00
-1.315594003088535580e+00
-4.255006705655639543e+00
1.993880622198729302e+00
5.731013708451493827e+00
1.792261718921129399e+00
-8.769817717624206477e-01
-2.008388297920891130e+00
-4.449862047887130245e+00
-2.160502223013001100e+00
-2.218056650804411944e+00
-6.395555801113286254e-01
-2.411324171175220354e-01
8.807128100483065936e+00
3.034862939377195978e+00
5.741032626512085457e+00
3.388368736299519846e+00
8.101547210263975174e+00
9.304896092490459125e+00
8.146998038275223841e-01
2.824707898512519133e+00
7.347964776235511863e-03
3.666890471050479938e+00
6.792352475420299740e+00
-8.523742266754135155e-01
-6.616110357069326930e-01
5.485058741495004497e+00
-2.911554440381692102e-02
5.055827950946914839e+00
6.387622288111113988e+00
7.214715304975286791e+00
1.552973494138852439e+00
-1.204448905898662048e+00
5.009218345610204182e+00
-1.959955528259823332e+00
7.587795717442509247e-01
4.056269326983144019e+00
2.675761252591354999e+00
-5.513209526455560727e+00
-5.813019414134370955e+00
-6.449965869623976111e+00
-5.975148197027039920e+00
-3.899254590792740949e+00
-6.984244618201306487e+00
-7.193190771895077162e+00
-7.393580732982699466e+00
-6.869551254312179722e+00
-6.534126037271262177e+00
-6.212692770051461366e+00
-3.956907538408672487e+00
-6.577027990530285528e+00
-7.035107503887628511e+00
-6.698703196656878411e+00
-7.361131651769468931e+00
-6.025362783045482118e+00
-7.227887825018919798e+00
-6.983725841651223121e+00
-6.535473196353877690e+00
-3.654390818478366221e+00
-6.691823358949800848e+00
-3.856687291191696509e+00
-6.648467100596556989e+00
-7.511465245587599426e+00
-6.565101062272637122e+00
-7.558392088274052512e+00
-6.610338623776443434e+00
-7.142459096754779857e+00
-6.254698605539624090e+00
-6.667736091643228669e+00
-6.490172895150434940e+00
-4.594487578833636121e+00
-2.590817377328384019e+00
-2.018078364410008430e+00
-4.086712522044635421e+00
-2.762037211917562463e+00
-6.817400754006402996e-01
2.466015498973169073e+00
3.280762629141357856e+00
4.289717942600894673e+00
7.327674091001975754e+00
2.206330094378135875e+00
-1.484383922086243146e+00
-1.167245890671244846e+00
3.463173983942250622e+00
-4.148028624887373006e+00
-2.101541818589047317e+00
-5.779663875487111468e+00
-5.493807858161760649e+00
-6.670725832908777519e+00
-5.669483511946047827e+00
-6.970258345491652463e+00
-6.907032536763996866e+00
-8.133100989330602104e+00
-7.339122521958880263e+00
-7.155368686949440615e+00
-5.929583515554168294e+00
-6.736574734003082376e+00
-6.992000777339488771e+00
-6.712328518071247530e+00
-7.331001737814216490e+00
-5.756035514738173653e+00
-6.572026415902205265e+00
-4.858444620468899799e+00
-6.148034075424886780e+00
-6.138030265985784162e+00
-4.242095444422425032e+00
-2.867060999771791963e+00
-2.070975841360580549e+00
4.412001349343081635e+00
2.480791211859928236e+00
6.514033729634660652e+00
1.468045387258109402e+00
4.933012225568161213e+00
8.663950520168359759e+00
4.957787953856049867e+00
5.823930087031464531e+00
6.087401929736031114e+00
6.243407114509636813e+00
5.635174406448250295e+00
7.746281920019045586e+00
6.799465371280214221e+00
5.454329721699319400e+00
-2.141083623349348264e-01
4.031676901377690747e+00
-4.459113668011234766e-01
-1.116337620486054671e+00
1.536189011018814110e+00
4.289978125881388493e+00
-3.317484923568140953e+00
1.105281309488721497e-01
-3.476982678667263293e+00
-1.788321297033450830e-01
-4.082165571481602306e+00
-2.567809286443055505e+00
-3.949181660994242615e-01
-2.175104542157085596e+00
-5.787133748152895940e+00
-4.366352385398005964e+00
-5.575849191733329491e+00
-5.368527882800852247e+00
-3.133545887141989894e+00
-4.345277967778164552e+00
-1.345049229081837883e+00
8.475178034247584646e-01
-1.522291691558681492e+00
-5.196291715943361034e+00
-4.712339880654469404e+00
-3.668378341591903791e+00
-6.665931131935892706e-01
-2.926566123998655122e+00
-2.696175756339454388e+00
-1.204913716402318480e+00
4.464979415242240179e+00
-6.251432333314015377e-01
-5.427593795450358805e+00
-2.895190219418276811e+00
2.482345413583558980e+00
-8.758793462089610182e-01
4.023792425814799678e+00
1.546361484530081487e+00
2.091858336394876450e-01
-3.743186501487216322e+00
3.423496400577135113e-01
-1.798191981191513467e+00
-2.855934205965761752e+00
-1.089943643546110869e-01
-2.644374042416774540e+00
-8.930695396014060039e-01
1.009490330156610272e+00
3.604821066832368803e+00
-5.863651547774473283e-01
-4.038219251678368593e+00
-1.465363198782920540e+00
2.231959188552026685e+00
1.691383605771753951e+00
4.104172913038465431e+00
7.987613161708204679e+00
6.390315979692265280e+00
1.531079607007257426e+00
8.361215767865443738e+00
4.004144041414297917e+00
3.742578474261258670e+00
-1.061069203051146825e+00
7.518807921790369164e-01
4.370943644786337678e+00
-4.516262298100839345e+00
7.296894012866259605e-01
-1.665082987695336358e+00
-1.906421920971913098e+00
-1.224739045950683280e+00
-1.114791891331052831e+00
-3.479114294596459711e+00
-1.621563556453714527e+00
-4.003526621099194216e+00
-3.426426946806079954e+00
-7.014411031452414402e-01
4.100938758811911167e-01
-3.373163082990723538e+00
-2.581895662196347807e+00
3.060826050317958735e+00
-9.729276257927602645e-01
-8.981496277123627303e-01
-1.852059891726367757e+00
3.192164720426905244e+00
-3.431339245006906902e-01
-2.976694975730000081e+00
-1.373835580939186451e+00
-2.542709344184568732e+00
-8.626363533909839343e-02
-2.494855919592812832e+00
-2.531895768261440249e+00
-3.468571594737328123e+00
-4.632661090700644024e+00
-5.057008072687490419e+00
-4.373948984929224792e+00
-5.847050658739936679e+00
-1.443513073147246084e+00
-2.936892169237109051e+00
-6.667866887071606241e-01
-1.255068823944766043e+00
-2.540540728005234783e+00
-2.736620248869848115e+00
-8.766078033929505242e-01
-1.575533071971101595e+00
-2.392783720205597486e+00
-3.966422971884406845e-01
-8.368283888724759034e-01
-4.010544387904551478e+00
9.985310235176408922e-01
-2.087440133184414126e+00
-5.090776310087306022e+00
-4.307560191841086628e+00
-3.558464442720106757e-01
-5.260191692981709410e-01
-3.272975954388916087e+00
-1.262782390236171670e+00
2.612634238632373027e-02
-2.000434439527401409e+00
-6.628230222678870298e-01
-1.565325083072429901e+00
-2.690113122024643477e+00
-1.106755854782852211e+00
-3.264675851821509101e-01
-2.636031842872950559e+00
-3.808211165959123345e-01
-4.191997755433512829e+00
-2.334560472549894072e+00
-1.334350144971008234e+00
1.922756600263185511e+00
-1.544108704876633098e+00
-1.229235907909393077e+00
-4.705237946055507159e-01
-1.918881344784484355e+00
-2.176770085200673499e+00
-2.100048807054400779e+00
-1.900414749478092080e-01
-3.643279496745751800e+00
-1.047808630388012752e+00
-3.816711828319185873e+00
-5.037592953524055339e+00
-1.043728599558635395e+00
-2.309821543933396004e+00
-2.722848144887576982e+00
7.144880072585797492e-01
-6.852230204911821110e-01
-1.171237178953431268e+00
-2.081341592110609984e+00
-5.147452235478767735e-01
2.453778144340732492e+00
-1.005896184046624287e+00
-2.020089338070427232e+00
-3.045399506935150047e+00
-1.285044547874354848e+00
-3.099478485023679841e+00
-2.620746159584156576e+00
-3.068809896922234159e+00
1.252478761749749259e+00
-3.411209978053515890e+00
2.779520266193422184e+00
1.071406981400287117e+00
1.079311962081096077e+01
1.757249008513285915e+00
5.528067840755978679e+00
-6.637108799350902033e-02
-1.509885253971962604e-02
-1.065582303371881201e+00
-8.729117894050070214e-01
-2.521143333665186059e+00
-1.619432747663009486e+00
-3.519374236146850965e+00
-3.400554692286879455e+00
-3.220377278518996800e+00
-1.888805126453326544e+00
9.234635569128744892e-02
-3.002451382591130091e+00
9.176076994772525142e-01
-1.481803920553182330e+00
-1.243224647086756285e+00
-1.238330311182410659e+00
1.021415042318855715e+00
3.029072399812092087e+00
3.299648253695212752e+00
5.225980772414140496e+00
-2.408425112512947996e-01
-1.516218091967970416e+00
3.942754117110794265e+00
2.566135785621544985e-01
-2.084355934928113108e+00
5.300572549302087211e-01
-3.300596661628366846e+00
-1.544053321970792370e+00
1.155175997702137386e-01
-2.358073309324705047e+00
-1.298236977592419905e-01
1.063575115706108187e+00
1.401401715298076667e+00
-5.463757712432593117e-01
-2.186077629308387227e+00
2.141203073423590286e+00
2.571996656528658387e-01
-2.633790520545394198e+00
-2.392548273297067318e+00
-2.306586641073931521e+00
-3.551171610422397151e+00
-1.719009262770103685e+00
6.604342860676747362e-01
-4.623334385232761301e-01
-1.709111794505941084e+00
5.244883726162962390e+00
2.063014966023507313e+00
-1.644361834581322679e+00
4.428373700575833904e-01
-3.453473860218240432e+00
-1.972996370954166245e+00
-2.793975341874876062e+00
-3.670920500636570605e+00
-1.911036308156686347e+00
-3.360904518195650503e+00
-2.326280821230378160e-01
-2.433931639449919082e+00
-1.010163090408391584e+00
-1.411236753169187619e+00
-6.707203433926374192e-01
7.877915254366903985e-01
-4.930410135161777951e-01
1.317315406104078990e-01
-4.975530421746646725e-01
-1.964458686128692344e+00
-4.559936799265710050e+00
-4.981478958922519240e+00
-2.277203381812531902e+00
-3.733394787567176021e+00
-2.915253149919311504e+00
-5.452725389189482241e-01
3.306648234873462711e-01
-1.658482709610909378e+00
-2.270535949052901348e+00
-3.395358241233049856e+00
-3.960573936947831886e+00
-1.998497049289726657e-01
-3.116662350046057295e+00
1.777931894886761288e+00
-9.385401227059357865e-01
-9.204893149239556926e-01
-1.238514131660039430e+00
-2.695060533148854631e+00
-2.222592324082176773e+00
4.371504614275176337e+00
-1.173781504909425094e-01
1.471319672353715191e+00
4.309318373960766002e-01
2.040853814999466831e+00
-1.737876154279705210e+00
1.913634414433883046e+00
8.037481933209489782e+00
6.625154251960453600e+00
9.810728863849245585e+00
-1.956302321026272217e+00
-1.594857810345271298e+00
6.205519519028227515e-01
-9.665854288085659052e-01
-1.531423222615261537e+00
2.245879676300310823e+00
3.180221922973389681e+00
-2.205027850613367590e+00
-2.937174081150459859e+00
-6.718961165700251259e-01
6.200753685187326836e-01
-4.647840958631450192e+00
-2.848529029664980339e+00
-7.604908886966973425e-01
8.335570252904572763e-01
-4.799891343031344348e+00
-4.840350428074705391e+00
-4.985977722583103677e+00
-1.431471074200019178e+00
-1.252127697280321639e-01
2.375876332478437991e+00
2.675938596941032976e+00
-3.722775095160028247e+00
-1.556027481487662012e+00
-3.634244063002849856e+00
-6.149507351559898360e+00
-4.913553844386126634e+00
-2.845424975770975973e+00
-2.374305100883317809e+00
-1.414419590438864116e+00
-1.756425621039721108e+00
-2.827649189736900492e+00
-2.698847618316059016e+00
-2.367935563790309228e+00
-9.647002327123505028e-01
4.694676994990767405e-01
3.894434621350926662e+00
-2.470776637597314807e+00
-2.555643976853717803e+00
-1.671344594488279656e+00
2.880030341807994887e+00
6.174841777197090487e+00
5.946612168665578402e+00
5.081456917800026396e+00
-2.465329995819788511e+00
-1.991789368744892430e+00
-3.090846587409534774e+00
-2.955236187078072341e+00
-2.942390300809084813e+00
-2.082099556265287532e+00
-1.935895169592961151e+00
-8.026816507911163079e-01
3.066223293885344869e+00
4.756959958537904654e-01
2.682305253416660484e+00
6.063156510815883138e+00
1.784647181708890029e+00
-2.965540368565901197e+00
-1.995370049355912778e+00
7.841221637672737277e-01
-4.214064745034852955e+00
-3.371386508084870393e+00
1.664111170510289117e+00
2.803657972290535927e+00
-3.088912569368168493e-01
-4.092075906024901788e-01
-1.254301761976817087e+00
7.748024452501695025e-01
2.347659426366209168e+00
5.662199067006683961e+00
4.658305938740611829e+00
-1.532198711284018799e-01
-1.528456257495082737e-01
-1.494159110202282204e+00
2.983884161612473385e-01
-4.371015797206193376e+00
-3.320904958369601090e+00
-2.894670653016685691e+00
-4.063165410677744838e+00
-1.422412926523489274e+00
-1.879284415452414869e+00
3.479904705841017076e+00
-2.050625704902802937e+00
8.924870038734677991e-01
-1.930308023931899486e+00
-8.429783648080468872e-01
5.222727285427062327e-01
3.286819974259581389e+00
-5.205677557521688481e-01
6.601199410437988746e+00
1.291721426091485769e+00
5.625442777664886762e+00
-1.736350802762574252e+00
-3.821007054728291052e+00
9.802415466968108504e-01
5.817612125510382981e+00
3.700604687448343366e+00
-2.566540396752157172e+00
-2.510384759666374421e+00
-3.004061852392613474e+00
-2.039800665580762118e+00
-2.239001403053061168e+00
-2.730438650049442195e+00
6.090357060614932649e-01
5.018102698172898890e+00
-1.547291959709367726e+00
2.338562443400666602e-01
1.464840040412192623e+00
-7.921677928457583340e-01
-1.583542859529627256e+00
6.935827287417080989e+00
-2.527576276576499303e+00
6.044964125701325353e-01
-6.234381000657523764e+00
-2.054480818774568007e+00
-8.430628565128763796e-01
-8.381818116510146577e-02
6.976714417449293215e+00
-5.738871715308041521e-01
2.252110197492219079e+00
5.330790260129275815e+00
7.419768672967737899e+00
1.679551551744276727e+00
-7.558964654410795792e-01
