3.994907242635439282e+00
1.658272050557794142e+00
5.207401923766894036e+00
4.845527780023234143e+00
1.781290016121355402e+00
-5.558390443006782089e-01
3.086292698589968797e+00
7.412604282715309800e+00
1.497100571199438068e+00
-2.096448672006555380e+00
-3.983962676378648204e+00
-5.684950350807452146e+00
-6.961516619610068624e+00
-7.266641407555374244e+00
-6.803382124257749020e+00
-7.144261116563686009e+00
-5.326615662299309939e+00
-4.349189285863895194e+00
-7.507999940005432471e+00
-7.251128432304405180e+00
-6.667568141546084348e+00
-6.497881347981141253e+00
-5.758025761278829258e+00
-5.981582901853340850e+00
-4.029085308392837739e+00
-4.784476331665718618e+00
-4.118267713670849872e+00
-7.168261803103127328e+00
-7.407776857971077433e+00
-7.647973097758247185e+00
-7.543782724957277530e+00
-5.661884975000196718e+00
-7.655262828114503648e+00
-7.644004963587189394e+00
-7.463469516949526650e+00
-6.518673706209325402e+00
-7.287122640750866687e+00
-7.577541731015680071e+00
-6.869714515545983780e+00
-6.320508666112589324e+00
-2.762095787141607861e+00
-1.718492784744692248e+00
9.088491478352606068e-01
1.635806475555944939e+00
3.272891823681951973e+00
1.399470448003042433e+00
4.070911389210115416e+00
3.423196739808047173e+00
4.745162022861430628e+00
-1.951473923288536305e+00
-2.727446997944657170e+00
-8.904278101149183389e-01
-2.143594646424369365e+00
-4.986911331253004676e+00
-7.238773244158274167e+00
-7.001351334618917122e+00
-7.461714246573072806e+00
-7.170104268540036685e+00
-4.240457822201721072e+00
-6.475007952450402726e+00
-3.638130938320990992e+00
-6.152223747511073704e+00
-7.028375641341994218e+00
-3.585611299357604143e+00
-7.831444643450187648e+00
-6.702033223195135392e+00
-7.534156667075899705e+00
-7.426689990790139362e+00
-8.325251506514545596e+00
-7.784673493738294425e+00
-6.567761210274586148e+00
-7.279337578168687983e+00
-6.545955274484635211e+00
-6.866129812591229786e+00
-2.819274288992901223e+00
1.833360356763778842e+00
4.348951070778404593e-01
5.597086120917644791e+00
3.545126543924449258e+00
6.817794028195498512e+00
1.348935962684756573e+00
2.575516837900641676e+00
2.848569431801256102e-01
1.450490909843856091e+00
1.583282816673824644e+00
4.366963927493156206e+00
3.795689458141798589e+00
8.503521013897701764e+00
5.960374196785044099e+00
3.168658508160184795e-01
-3.988280664736258530e+00
-4.829642663557787152e+00
5.042149503514439246e+00
-7.256892887483643029e-02
1.201739842804657288e+00
-2.290815838451462749e+00
-8.817863765112294860e-01
-3.270447924841934029e+00
-3.436071770396396996e+00
4.263593398423876302e+00
-1.200198244830879890e+00
1.634954258466396526e+00
-1.483935457566964766e+00
-1.943069350633196413e+00
-4.724590565710496293e+00
-3.734928053100585288e+00
-3.610465946787339231e+00
-6.441593348777491457e+00
1.911737696994773250e+00
-9.180644026891896514e-01
-3.378879526785516507e+00
-1.568377454028924145e+00
-4.125744875624201669e+00
-4.994662964918910930e+00
-5.832072328653413962e+00
-3.095327487600334493e+00
-3.404313196136173225e+00
-2.185601042243147329e+00
-2.692008083557025255e+00
-1.224051666492532719e+00
-1.901412955415135553e+00
-5.687527089724444096e+00
-4.656762981702247117e+00
-1.225484133922934538e+00
-4.420106959469608299e+00
2.797149804039169019e-01
4.033482020976331128e+00
1.512587805721548051e+00
-3.291731208639625095e+00
-3.225297506886561028e+00
-3.015410456681570928e+00
-2.235000948941107790e+00
-3.463169598771399738e+00
-2.270315003940254428e+00
-5.710426368087289539e+00
-4.850008475039080946e-01
-9.439572439176602270e-01
-2.194428882881455767e+00
-4.094472268060902920e+00
-2.896420775488598665e+00
2.120525480923494577e+00
-1.432476754245322503e+00
5.797038495031313632e-01
-2.584032971636132547e+00
-1.379371113818510075e+00
7.852801708480270371e-01
1.524396623118580985e-01
-3.144303130411999270e+00
4.056284514268821972e+00
-8.492774622005709872e-01
-3.053759735350976889e+00
-2.242369815097100982e+00
-5.164721544911403228e+00
-3.754761132930985457e-01
-1.686897147654877083e+00
-3.493089361766775980e+00
-1.851732113769228860e+00
-5.899834153189271291e+00
-5.567259642756900107e+00
-4.543559424084332221e+00
-3.402492649912774780e+00
-3.734665913572135398e+00
-4.187495458706476548e+00
-2.054604931292652314e-01
-2.087607507002643636e+00
-3.932846360629378424e+00
-7.347401203742461862e-01
-4.561213126732628353e+00
1.330002242966726200e+00
2.176656393112888221e-01
2.527788230208311226e+00
-3.856744747051454869e-01
-4.883487531211168964e+00
-4.594291444682572667e+00
-1.538022811183153316e+00
-3.011020282414316629e+00
-1.268568961740947909e+00
-2.269667786900581685e+00
-3.102842825379877212e+00
-2.620708235195137625e+00
-3.789830630330555117e+00
-4.513626096660570575e+00
-5.136983783835883166e+00
-4.144389734388776780e+00
-5.549990114008879871e+00
-1.887756952405938105e+00
-2.446326543913350360e+00
-2.572475473936637336e+00
-4.290075912876825548e+00
-4.074179954802287895e+00
-3.581802727071037307e+00
-2.541468390470901006e+00
-2.446311417332606375e+00
5.151959150545142307e-01
-5.288843628466087132e+00
-6.034793291106990143e-01
-3.849573227042860424e+00
-1.711840087708106362e+00
-2.485209090040834568e+00
4.801263946939136051e-01
9.757906395015093770e-02
-1.926272132499670331e+00
-7.460785681752802878e-01
-1.450852297758252085e+00
-2.136050025457399748e+00
-2.674821790548323364e+00
-1.945676116566980474e+00
-4.102167899343540647e+00
-1.836634159798528509e+00
2.108763981599851345e+00
-3.907441199043371949e+00
-2.717206414997294317e+00
-3.487107925521268359e-01
-4.528711750837057792e+00
-2.340103664708489684e-01
-1.570296804077853547e+00
-2.790118415193092449e+00
-2.407073379049817774e+00
-1.876725314190683891e+00
-2.732886567238806297e+00
-2.601033836213703765e+00
6.413545546553728549e+00
-5.945585476987119700e-01
-3.529686236392349574e+00
-1.392629027452936263e+00
-8.570335097488952503e-01
-7.932687001014120387e-01
-1.667780718774789728e+00
-2.513819131180011102e+00
-2.386832935050579252e+00
-8.359907288807252312e-01
-1.081237066051864648e+00
-2.654822545045805171e+00
-2.762054726874536570e+00
-1.321655650549574901e+00
1.383382229879851932e+00
-1.180084656013155486e+00
-2.063379394702558045e+00
-2.864975806262363811e+00
-3.031169621204945486e+00
-3.924781241758671602e+00
-3.142018069687562143e+00
-5.276876915813731195e+00
-2.430868952369759750e+00
-1.394254331231210120e+00
-1.073626824742697321e-02
3.406731011475801374e+00
3.642401186566263327e+00
8.577559118731189258e+00
7.078959930472104922e+00
2.338638708301848279e+00
-1.132769590617381805e-01
-7.655481012317754130e-01
-2.931638898761169898e+00
-3.890993586816484662e+00
-2.933076433785468229e+00
-4.454628618859546307e+00
-4.284349523602770660e+00
-4.611341248247400770e+00
-3.434783821783197411e+00
-6.079018307104934182e-01
-2.754274008769575843e+00
-2.023269124138527886e+00
1.702927655429302689e+00
-2.837065258381998856e+00
-1.865741427313526879e+00
-1.526086891796951117e-01
-1.563234871094629108e+00
6.824764833046336188e-01
7.622137684874622288e+00
3.185646491494147359e+00
1.379161613981879864e+00
4.137669390357025523e-01
-1.040404877245392212e+00
-1.731849120703416567e+00
4.359458982205900668e+00
-4.295289058524082826e+00
-2.456498144941942741e+00
1.444064675300189116e+00
-9.494917234055336719e-01
-1.861458665629312836e+00
-3.837120380952439014e+00
3.866158115138650930e-01
8.427805933334344246e+00
8.879564093439675787e+00
2.893056519649655822e+00
-9.826288899945136990e-01
-3.579562515848090598e+00
-4.602153145900686582e+00
-2.218002439939159132e+00
-4.849547917971076316e+00
-3.475248866056779296e+00
-1.130885864995362144e+00
-4.875020494454446407e+00
-1.621436074695751683e+00
-3.637862629305423479e+00
-1.499461468488543892e+00
-2.184653159849907933e+00
-3.193563984673802647e+00
-4.918388196913816124e+00
-3.491590181662156844e+00
-4.388704701428055799e+00
-5.043508136547529830e+00
-3.796182567249265283e+00
-3.059442029142515285e+00
-3.179257683028748005e+00
-4.647850053475154120e+00
-1.579517171912362850e+00
-1.323639785828134796e+00
-1.731040866545593193e+00
-1.701351804452190183e-02
-1.534392689573330637e+00
-2.122827416074349216e+00
-1.364386371580332380e+00
-2.348575136907093075e+00
-4.132897371051904578e+00
-5.072708034592277926e+00
-3.800523546381589846e+00
-4.957721055561107981e+00
-2.513835731088042369e+00
-2.132759285022056250e+00
-3.576546006111508635e+00
-1.374624470641658158e+00
-3.516946366681309222e+00
-7.310617492520368188e+00
-2.122556546288178136e+00
3.557591884779544994e-02
-7.331868449372557217e-01
-3.117338126273470511e+00
-2.763430445833534144e+00
-2.201886588296564806e+00
-2.982322295952887004e+00
-9.486481466402897356e-01
-5.543294180010365224e+00
-5.448284849616082948e-01
-2.965265394728136439e+00
3.632525203895146770e+00
2.144939238250891833e+00
5.174992315941802090e+00
8.518134020470808920e+00
4.101645028499536494e+00
-1.162913781055648216e-01
-5.699539870423512511e+00
-2.513404947222142916e+00
-4.591621050970164375e-01
-4.119501793943761925e+00
-2.026974985880293900e+00
2.498234375018064224e+00
-1.490642473699033799e+00
1.720408224747821624e+00
1.075166427390638724e+00
-2.114684094331871211e+00
-7.873922259306427585e-02
-2.750834866754951591e+00
-1.586737672071586891e+00
-1.912059331101449100e+00
-4.651143762803864767e+00
-2.173786614985655952e+00
-1.542733978733612510e+00
-2.633853744664556462e+00
-6.085190446714555890e+00
-6.509162503739676531e+00
-4.952571996488709161e+00
-2.865320273025481423e+00
-8.387176734349319762e-01
5.728728381337443665e+00
-4.335147247620261268e-01
9.874102949725246381e-01
-3.322135052201894201e+00
-1.718717558982814086e+00
-4.715634475503982515e+00
-4.142340527298605579e+00
-3.863445419243741519e+00
-3.585391070604408092e+00
-2.905667452344142365e+00
-4.871562263495132328e+00
1.880147347711831063e-01
-2.303587783338333583e+00
-1.782818904414585459e+00
5.298901047914138518e-01
1.234400906079935245e+00
-1.848720812862133300e+00
-3.582896372207577063e+00
-4.298891854966409021e+00
9.290680495246164128e-01
2.175881491885128138e+00
-3.315693389289288695e-01
6.059352481827689374e+00
5.502219474206239136e-01
-6.579412888376831581e-02
-5.289771483569746247e-01
-2.068877458897293131e+00
-1.562063491370073942e+00
-5.490504063107728427e+00
-2.270016094827326469e+00
-5.326611349522197836e-01
1.453242004332260473e+00
-2.389538150431742836e-01
-2.135276865939894186e+00
-1.009854082551062238e+00
1.841932330185077626e-01
-2.221479240942661748e-01
-1.351140160088826869e+00
1.757190736918438523e+00
-3.695276426934242409e+00
-2.414589947616994525e+00
-1.507147403120020213e-01
-1.560736232849348204e-02
2.229621438116500265e+00
5.798486818859122316e+00
-9.245838576797636987e-01
1.965740290884560038e+00
8.699646486359250419e-01
-3.286122555914854915e-01
-6.349535725635003791e-01
4.880443413855326540e+00
-2.907901740391208190e+00
-2.613536765335814138e+00
-3.432889454461736101e+00
-3.921730433125364179e+00
-4.462477507091591633e+00
-4.327007897997552810e+00
-4.663690527926896756e+00
-3.969633322719674506e+00
-2.497700480595320904e+00
1.786305792286695615e+00
-8.575156079436165868e-01
-9.603138991155723003e-01
3.568921564668211754e+00
-2.865483110833385361e+00
2.604189738170351376e+00
1.775956997726573672e+00
1.679971222289164956e+00
6.674106041665575972e+00
2.225054093354701834e+00
3.131848183602184310e+00
2.430043590747984261e+00
-1.212279226743005589e+00
-1.412773715380434059e+00
3.116354745248758995e+00
9.814925162511773937e-01
-6.103853345997397595e-01
-2.782659267867063413e+00
-5.058867398698912332e+00
-3.489887734771799810e+00
-4.330922148352431833e+00
-2.114941761297671530e+00
-4.091121650074638794e+00
4.200606586412575894e+00
-7.271720366686746928e-01
-6.432028645671444833e-01
-6.606641665828567600e-01
-5.906259319769053828e-01
4.860673488605238290e+00
6.919212545123987645e+00
9.232655629164861821e+00
3.312883431725512029e+00
-5.698476529054538053e-01
8.100068945239675688e-01
4.115969726662923378e+00
3.218898441727271464e+00
3.179531105912633215e+00
1.631073434149820978e+00
-2.314547819150493346e+00
1.528499133615160321e+00
4.724637274923850327e+00
4.244796525339806781e-01
3.365256554592485738e+00
3.143457188783671974e+00
-2.457503089281582564e+00
2.179739781643451835e+00
4.594733082534360746e-01
-4.143704122405877932e+00
-1.893641380381102302e+00
1.098155432132938980e+00
-2.651990679389415018e+00
-3.395608316894076495e+00
-3.036957697819896218e+00
-4.680230992772233201e+00
-7.495505090193947950e+00
-8.089607125831385304e+00
-7.775402632282570003e+00
-6.949008033210033020e+00
-7.257034336869776503e+00
-5.707966860747647253e+00
-4.553130991464546362e+00
-7.106473185385231872e+00
-7.054422246776523409e+00
-4.343852729416918024e+00
-7.248734872938465301e+00
-5.098889609576241710e+00
-6.917087305059908431e+00
-6.317415496262318797e+00
-6.893568788108352052e+00
-4.508848600498759573e+00
-6.321675238759401516e+00
-6.696558620388384675e+00
-5.189907508905184486e+00
-7.299022360195599468e+00
-5.806037847418917153e+00
-6.914628407491504092e+00
-5.221034490150369578e+00
-7.052787405292970213e+00
-4.460861913683089597e+00
-5.889678596165006219e+00
-6.931711858889713973e+00
-4.873942489864453442e+00
-6.262260048832143156e+00
-4.486482114987577319e+00
-6.914413353290284725e+00
-6.343002764034712193e+00
-6.153958791833243680e+00
-6.510320233436566184e+00
-7.146375720527429642e+00
-5.529571284939545528e+00
-6.278300970043416029e+00
-6.471575388936969819e-01
-9.693767269047730284e-02
-1.697843312831400997e+00
-1.004373576053571471e+00
-5.210154757887620391e+00
-6.985474928775700754e+00
-4.226606702126137094e+00
-6.368917710773712493e+00
-6.399925227180993659e+00
-6.472511638270562528e+00
-5.131848585793475692e+00
-6.621914099340705739e+00
-7.098729683334821239e+00
-7.554315468681806145e+00
-7.848626117202491592e+00
-5.054241592090808588e+00
-8.145339190046049893e+00
-7.805230946390220303e+00
-8.075683570009813295e+00
-7.516020106698547920e+00
-7.843544789139849094e+00
-7.767154880576581988e+00
-6.329344548150143801e+00
-7.004704412886602505e+00
-5.678093483211671177e+00
-5.517835322864029557e+00
-1.496714860330460972e+00
2.849900542571897955e+00
5.514560777887885124e+00
8.344514394409211278e+00
5.298952637051035808e+00
7.943784811699877935e+00
2.725542597546793289e+00
1.022117329652199125e+01
1.200402299306538412e+00
6.363276730649532809e+00
3.480569074069866708e+00
4.895868309706370880e+00
6.413856161457423433e+00
8.045196324021524958e+00
6.307960336789396827e+00
-8.758423217126972693e-01
-2.143427203361576439e+00
-3.970464934434500659e+00
-2.718177168722825776e+00
-2.612331632675960691e+00
1.197840931596096725e+00
-1.387622674024845182e+00
-1.316397932400122706e+00
-4.028760369082820425e+00
-3.919882769416764390e+00
-1.234783181912443739e+00
-4.112057915076048786e+00
-1.853477355580319896e+00
-2.094386283559247719e+00
-3.386567584035268030e+00
-3.366466391462535679e+00
-4.387028129220412076e+00
-5.097888319917038835e+00
-5.363529835002338153e+00
-2.231222805245828056e+00
-2.186247340830532515e+00
5.065484825444856176e-02
-2.072938762633171006e+00
-3.728462660205360102e+00
-6.140296616784592487e+00
-5.405651933888085736e+00
-2.473554337333178754e+00
-4.811108228217272575e+00
-2.531621536335446176e+00
-3.223586794977968406e+00
-1.917272581835580914e+00
-3.173939858372642586e+00
-5.847023765111718063e+00
-2.449559174794618155e+00
-1.668107594426779139e+00
-3.459719142276322490e+00
3.150480316469757458e+00
4.600037583124219509e+00
4.345125661033857889e-01
-2.588623201001863716e+00
-3.213749623107743592e+00
-3.067507616963555339e+00
-2.620798891545121467e+00
-3.214834449464060828e+00
-2.392465480902139952e+00
-4.739527432959134146e+00
-1.973209416096169955e+00
8.295784044469513008e-01
-2.755436290729550208e+00
-4.031522373542642868e+00
-3.226982114682625191e+00
3.655858146040200651e+00
-3.952734737930041931e+00
-4.768440221175813121e-01
9.141749561023201354e-01
2.556996772688889252e-01
1.863144897047726678e+00
3.209667522696402653e+00
2.798957738576504983e+00
2.287045493481227876e+00
-4.709221097294124192e+00
-5.315899629810798110e+00
-2.835176419980583340e+00
-5.122130266223242856e+00
-8.730020970238393518e-01
-1.485259509355376650e+00
-2.733858513115417388e+00
-1.008468749969988698e+00
-5.279417954365544396e+00
-5.416862496029613006e+00
-4.321258724928321193e+00
-4.273735915482951953e+00
-4.285499325056738584e+00
-4.814435250543827927e+00
-8.493757671062619752e-02
-2.381132203991313201e+00
-3.763826756198299428e+00
4.559612579801218535e-02
-6.232730326599519977e+00
-6.313678778753148979e-01
-1.091842234538979328e+00
6.211503870132038807e-02
1.152651269739402462e+00
-3.995470661151495406e+00
-4.912974150247076288e+00
5.830768457019150919e-01
-2.913887480606383029e+00
-3.445712108481491232e+00
-2.422205609935135673e+00
-3.836364949021997095e+00
-4.153307570523439018e+00
-5.258926392196514144e+00
-4.527226218811343905e+00
-5.272370295448789435e+00
-3.841248491465396597e+00
-5.699488909566538197e+00
-2.550008031340748271e+00
-2.095399516297160591e+00
-3.899166722349372005e-01
-2.169140218024199207e+00
-3.220727156783051992e+00
-3.636137263205496684e+00
-3.256967348739278290e+00
-3.787722386216506809e+00
-8.129241571051781801e-01
-6.081201894642147110e+00
-1.410403305915594263e+00
-4.188888555493211818e+00
-4.036427300967186937e+00
-4.840281077739633453e+00
-2.658706949717646317e+00
-4.078527831238470958e-01
-3.602175402524051329e+00
-4.020193287275369620e+00
-2.156328638094001438e+00
-4.065261711223790542e+00
-3.176730917697685008e+00
-3.711262037601384289e+00
-4.060024888354823780e+00
3.384825871018462440e+00
8.657615248130846597e-01
-2.910775085595102230e+00
-6.969842593140711529e-01
1.187367165663805402e+00
-5.462269340438841603e+00
-2.791990956116428890e+00
-2.531953673715578557e+00
-3.011074482902213134e+00
-2.436112288520079439e+00
-1.989008359753247746e+00
-2.895499690029457174e+00
-3.883712525342783550e+00
4.223738046034649501e-02
-5.667040131306431139e-01
-4.661336032166405907e+00
-3.095923677188455070e+00
-4.072123122336545720e+00
-3.841711075776308437e+00
-2.970645830394532894e+00
-4.141715434298363974e+00
-2.912579688944751499e+00
-2.448497214670655453e-01
-1.493809589494761614e+00
-2.782743068533596986e+00
-2.370102565578656506e+00
-9.264880926233450831e-01
1.417517643573816821e+00
-1.257778943798384175e+00
-2.098099056449779898e+00
-1.828014118278795674e+00
-1.539425255499869305e+00
-4.720175970744394434e+00
-4.259513091774742577e+00
-3.808152997421156982e+00
-1.645248751838902290e+00
-2.757707943673989526e+00
-1.299865903677086765e+00
1.536022347683299927e+00
5.223535350391872001e+00
5.684382455630987430e+00
6.985518936134027967e+00
4.155160148867125258e+00
4.176157828392963900e+00
-1.204882391107083395e+00
-2.082406725024996241e+00
-3.250640704477082199e+00
-2.283097827412149172e+00
-4.571791029658578864e+00
-4.341492486052746180e+00
-4.688323964649582010e+00
-3.148624121945531762e+00
-4.116115265856341021e-01
-2.117978450565056292e+00
-2.181767289810976784e+00
2.830126525138754623e+00
-2.756215287467632002e+00
-1.248884718529553295e+00
-1.116978695257511367e+00
-2.162891268757121122e+00
2.482385089307703296e+00
6.217124278616988242e+00
1.861223450304874127e+00
-6.579149057304520820e-01
-1.064954878813966443e+00
2.785801026642605732e-02
-2.541257562840251616e+00
2.305404963094418225e+00
-5.523809397330005311e+00
-3.434026378583607819e+00
-2.443957633436507404e+00
-2.974085528695822767e+00
-1.535497375243181084e+00
-2.021785110863140389e+00
-6.236427585991722450e-02
2.452814504154996467e+00
-1.783675553172442418e-01
1.026450666730357231e+00
-1.207850456339051165e-01
-3.141282527783171297e+00
-4.087247338686372800e+00
-2.504952062359690590e+00
-5.508252423418678489e+00
-2.368050293423335617e+00
-3.882789920863807698e+00
-2.899986610949235377e+00
1.082429631312412877e+00
-1.046773795353013403e+00
-3.127320995504714762e+00
-4.889138708311576154e-01
-1.258088647784555869e+00
2.156809803991869945e+00
9.893205683716549403e-02
-4.408739373345865964e+00
-5.260335869239009199e+00
-4.068059440128978466e+00
-2.504032899341861018e+00
-3.210221253112401030e+00
-3.648502822765995912e+00
-2.180487748250596436e+00
-1.600611939053113719e+00
-1.791095481063747608e+00
-1.006434095198650347e+00
-2.381864358888776234e+00
-2.034815187946397597e+00
-1.402053032811750422e+00
-2.265692134953900094e+00
-4.790028391981361544e+00
-4.653777052890033517e+00
-4.391695340756070820e+00
-5.152941949517332532e+00
-9.769846922159800551e-01
3.942876725105728952e-01
-3.661731990143265669e+00
9.813408958335750887e-01
-3.918560440592253613e+00
-1.614436696998497345e+00
-2.299790687708326509e+00
-5.476719028129516609e+00
-2.381450810016397579e+00
-2.605434578913323751e+00
-1.250320704861101362e+00
-6.962694971638029307e-01
-2.416024326797179711e+00
-2.148124870795546482e+00
-3.117525978985161927e+00
-2.289219928612867550e-01
-3.040848937920572315e+00
-2.106391338344892006e+00
2.323154050747910926e-01
4.012690221723289596e+00
1.723209905410187481e+00
2.914417111489194245e-01
-1.826548572747483501e+00
-1.020551783718351091e+00
-2.954019416449094604e-01
2.815303698878242056e+00
-2.377163279882240854e+00
-1.858369734064812206e+00
4.965362018244373066e-01
1.100390799548184084e+00
2.838946818144015616e+00
5.863468163461852400e-01
-2.563966196373355544e+00
6.293854298949064230e-01
-2.473787235403778428e+00
-7.794788974141454441e-01
-1.587807064290413850e+00
-4.837523357831546633e+00
-2.054689972476478665e+00
-1.537776491952887792e+00
-1.724764182180936078e+00
-6.508626487061697219e+00
-5.415543668567103452e+00
-4.048754380747320525e+00
-4.412597096304622823e+00
-9.609575138103889635e-01
1.766874035769826934e+00
-3.131273588708006095e+00
3.140678571396829377e-01
-3.424297138819491160e+00
-3.061028302831716008e+00
-5.390307704281444678e+00
-4.157507168729389413e+00
-3.634023365452140109e+00
-3.989337214801384146e+00
-2.840415135371864075e+00
-5.535579103282244340e+00
-5.524958805145718799e-01
-2.568417137784916093e+00
-1.761756806688801635e+00
1.157209682414611196e+00
1.058078705192508462e+00
-4.214821596068699661e-01
5.666576815565191882e-01
-1.602161446258423272e+00
4.302106477096956816e+00
7.660694542791666173e+00
5.210240089258904916e+00
6.471053003524912306e+00
-1.153102910853551988e+00
-8.851353062481217560e-01
-1.395649678133682237e+00
-2.969961376942493736e+00
-1.674135860819295329e+00
-5.152153536059239869e+00
-2.672021801351964765e+00
-9.384044292201926263e-01
1.371980198407830809e+00
7.656452440712244734e-01
8.052475944169767974e-02
4.087891283381003049e+00
6.361688733003052931e+00
1.255795102098969940e-01
-8.873717504062499373e-01
-7.278791437914734486e-01
-5.289159561407667631e+00
-2.883152072557791268e+00
-2.525089738689771379e-01
-6.843184738081272700e-01
-3.193677075778603491e+00
-2.246809817382473096e+00
-3.055862520216010569e+00
-5.305974733177217573e+00
-1.087880813639344302e+00
-6.064459429237903931e-01
-1.910911111173874577e+00
3.687515280724441347e+00
-3.262626123984124771e+00
1.456746528809732100e+00
-1.461154452592470676e+00
-4.027892185137174508e+00
-4.177654166472848374e+00
-2.918427190675290994e+00
-4.170883627288702655e+00
-3.155780862032055989e+00
-3.257959247998726937e+00
-5.518266008288572610e-01
-2.725933273695809955e+00
-3.137579467736875571e+00
-1.708268336908921103e+00
-4.256463328543881985e+00
3.872338417183335491e+00
3.888374886284606813e+00
-1.642431049214188921e+00
6.344945552291154200e+00
2.989304181999416499e-01
1.846768408875212986e+00
-5.056147386167138436e+00
-3.195199955637615830e+00
-4.617215062261496028e-01
3.276296226330303707e+00
-1.461042569471427521e+00
-2.035519742160428081e+00
-3.163045266556808954e+00
-4.793884182229662727e+00
-2.257277642318360922e+00
-3.864725590097441987e+00
-1.869734001428930315e+00
-4.242414968102317552e+00
6.138238549252595710e+00
-9.745827032843380477e-01
2.537121733057047024e+00
-1.443511514448199765e-02
-6.567538956253708982e-01
1.892934124858236533e+00
4.587349447424566851e-01
6.887199442512337733e+00
2.647846017366911830e+00
-6.645828272208179621e-01
1.807334509238659681e+00
9.944432712763598303e+00
3.757199825712499219e+00
8.423439349700338141e+00
-1.407684354119880243e+00
-1.594901235179871035e+00
4.388298756467628792e+00
2.185177671170360991e+00
6.146245627238317716e-02
2.229945071996803474e+00
7.485854573493494257e+00
-1.759514453611688900e+00
6.121318569629763395e+00
9.152698105296547482e+00
1.115766470499521157e+00
3.122866292761549811e+00
9.082360033821702539e-01
8.108465324825174791e-01
4.388701119238269222e+00
8.597265618196864301e-01
2.189770845580210956e+00
1.988059500390044754e+00
1.440476876257400729e+00
-5.213975710886077586e+00
-4.810655869190168410e+00
-7.385704973191272948e+00
-6.384461066432210785e+00
-4.615623249033893316e+00
-7.549584897139098416e+00
-7.398402112964275190e+00
-6.830922700421311333e+00
-7.345381922200963309e+00
-6.869244970951707607e+00
-7.308591851512770354e+00
-6.484735510897132293e+00
-5.775702144625340928e+00
-4.697938899403025559e+00
-6.983681269112815393e+00
-7.262325686430694205e+00
-7.305590117465285083e+00
-6.984529345381594645e+00
-5.179654563664907840e+00
-7.160756085143537675e+00
-7.270587154595213875e+00
-7.811115490150632112e+00
-5.455375458712594217e+00
-5.920872456723357047e+00
-7.279497772718851678e+00
-6.273465594064817630e+00
-5.862979743244720154e+00
-2.966352707566530356e+00
-1.266865409682757182e+00
1.404095006775079924e+00
4.251773036751085755e+00
8.610308507051803062e+00
2.749706111355212368e-01
4.647409723019826799e+00
-1.991757551287457018e+00
1.737791635976908111e+00
3.479321442936238018e+00
5.152688114029189137e+00
2.877423379627544353e+00
2.815604857160508789e+00
-3.270609311624502968e+00
-3.971948883577960387e+00
-3.636661075198154069e+00
-4.376082813357674794e+00
-6.002328115199425440e+00
-7.044159002593760377e+00
-7.699378177995615857e+00
-8.144490607806512017e+00
-6.901706355243860891e+00
-6.654660215831158965e+00
-6.438419557617625522e+00
-6.986784856285682466e+00
-7.741727365856153398e+00
-7.475246968842451878e+00
-6.325483373122568587e+00
-5.504693286720962142e+00
-7.091942326616291759e+00
-6.612880967867884152e+00
-7.472354761579781623e+00
-5.360567944557283582e+00
-5.892895202074786454e+00
-3.653513071000942802e-01
3.154164907274235485e+00
3.841994016351208519e+00
3.851539177197825126e+00
5.808467610435170236e+00
-1.631110948705419839e+00
1.663010737852544496e+00
3.328043744504540769e-01
3.796943893234596690e-01
5.826057927626774990e+00
7.775179960611551699e+00
6.435457459211729514e+00
7.701400526456671614e+00
9.115254157366189602e+00
9.470598800155018537e+00
5.364029335798556453e+00
8.165760395748438150e-01
-1.688824856267094221e+00
8.388253689279267178e+00
-6.156011701262675828e-01
6.140923395524631623e+00
-1.364426651101038779e+00
-1.519264742047375494e+00
-3.444767039102434758e+00
-4.266047135582792471e+00
-1.199425042165482624e+00
-4.394880513911382458e+00
-1.982755006646856888e+00
-2.804800313163770209e+00
-4.438408874401927662e+00
-4.864540617839415937e+00
-1.679337583860502359e-01
-4.576772790793201651e+00
-1.676793270578774253e+00
3.123237007550779598e+00
2.212529676715079496e+00
5.870865029970604443e-01
-1.010853042323984763e+00
-2.442818863936458751e+00
-4.967249982487479620e+00
-5.693603235435934273e+00
-3.376235912563082309e+00
-3.075452346469208287e+00
-3.111384645513708969e-01
-1.208055515932931367e+00
-1.622899289648912780e-01
-2.286369496057288675e+00
-5.852939932365706532e+00
-2.422018267685014603e+00
3.802958448562829830e-01
-3.606302465469299001e+00
5.037044341957589211e+00
4.993967525594912971e+00
1.799137381013202752e+00
-2.199579523420375882e+00
-3.171604588830804872e+00
-3.017246191047329607e+00
-9.073830582397207634e-01
-1.659270947236882288e+00
-5.382992281442624538e-01
-3.975108794648309463e+00
-1.779244717592664893e+00
-3.322130886334081268e+00
-4.360410483771159029e+00
-4.564613043491325683e+00
-3.837767513909731587e+00
-6.883532830165640659e-01
-5.787064229185935105e+00
-3.777776745856303187e+00
-3.759440201854762353e-01
-2.430446016992592551e+00
-2.790131444195686150e+00
3.075619698574683092e+00
1.867483528303424567e+00
-4.366711461458209209e-01
-1.488172570477922951e+00
-4.583001261444137775e+00
3.352958138124152665e+00
-2.279602759336880613e+00
-8.203666569925400776e-01
4.163503803465111730e-01
-3.382158752941127666e+00
-1.666801742028999334e+00
-5.494108008391737741e+00
-5.504671643058838271e+00
-3.956628560552817309e+00
-3.951773146623837274e+00
-3.382135406938755029e+00
-2.572561892194524802e+00
1.486384713266403645e+00
-1.901118106011546294e+00
-4.422756873091969965e+00
-1.633175669966108468e-01
-5.863388522760983435e+00
-9.818974881882714945e-01
-1.957227644930407573e+00
1.710285417014844322e-01
4.810442353369272506e-01
-4.295809595342732656e+00
-5.446774929698969814e+00
3.859933794064567270e-01
-3.398538250694404628e+00
-3.470996829006090856e+00
-1.300690516990871126e+00
-4.623680261874613784e+00
-4.869211162112129898e+00
-5.574025461870384390e+00
-4.729906287097891848e+00
-5.480012034428319190e+00
-3.448024624459265830e+00
-5.540600262389517638e+00
-1.645350631674863839e+00
-2.738650993316299687e+00
-2.840957047990927187e+00
-4.377791151915380929e+00
-3.813649327948612555e+00
-3.560356433183623270e+00
-3.268695324681516912e+00
-3.878213283607552242e+00
-8.002555588547902721e-01
-5.724053214741428697e+00
-2.076508536455319742e+00
-4.328891388298867327e+00
-4.312521311585466144e+00
-5.425874683597254666e+00
-2.680839091449320311e+00
-5.496769394147437149e-01
-2.685379825530750164e+00
-3.475773545137935905e+00
-1.920546138844871908e+00
-3.858925520045131563e+00
-2.902609008886016806e+00
-1.845693798994005652e+00
-3.322456745435479419e+00
1.033869430435937486e+00
3.817249190746457188e+00
-9.975370436475848868e-01
-1.050280055442731841e+00
8.549522887608058674e-01
-4.012835419835599993e+00
-2.163535719200663454e+00
-2.170002186480119111e+00
-3.081410830750328955e+00
-2.679367067331389407e+00
-1.636989189586476989e+00
-2.405983908280240779e+00
-3.465288109242194992e+00
1.059881966416239107e+00
-1.842585093816447195e+00
-4.247569277349163563e+00
-3.231553751262957963e+00
-3.818211517053842208e+00
-3.816244679404467544e+00
-2.684323523935153499e+00
-3.943553243308119072e+00
-3.125250006785863732e+00
-5.063159113540304235e-01
-1.688606823873272322e+00
-3.166251316308902997e+00
-2.781854256803506065e+00
-9.473847270432104173e-01
1.149302644388479511e+00
-1.485066732846319182e+00
-2.441812771021143469e+00
-2.222080766889393377e+00
-1.168482257790968815e+00
-4.223629655163221308e+00
-2.082319195262735345e+00
-5.412540505129214807e+00
-1.796032882117913232e+00
-2.705191113653908630e+00
-1.290245550218240833e+00
4.071156061512965607e+00
5.094659149903257855e+00
2.879482673873851262e+00
4.641857257412944193e+00
-4.304028491001223311e-01
6.847665206887643130e-01
-1.060011302362061647e+00
-2.435702446445755953e+00
-3.355275737588887530e+00
-2.230716847710445094e+00
-4.595252548125226433e+00
-4.432001952644561982e+00
-4.887018053920185956e+00
-3.165515883133099617e+00
-8.346747876655965515e-01
-3.408629424100138028e+00
-1.521630032681666078e+00
7.867212111863450819e-01
-2.911811435205659215e+00
-1.304943882685084766e+00
-1.074624250787154400e+00
-1.729401421663615324e+00
6.041549726463880887e+00
7.391494166540812039e+00
5.938941986131280437e+00
4.664738339333635686e+00
5.312493683463440419e+00
1.739713433546291599e-01
-2.241226953122739118e+00
4.649579674184677103e+00
-4.067902563792328507e+00
-4.089192080543416097e+00
-1.952988488488241581e+00
-3.018209238928104554e+00
-2.480794989251863925e+00
-3.819172378720498973e+00
-2.631488121699756544e+00
4.549558468178229731e+00
1.978576876594299039e-01
1.582576638149238102e+00
-1.165108456529095893e+00
-3.957337083617723739e+00
-4.403463654407270944e+00
-2.382627325745926505e+00
-5.451950206607032001e+00
-2.934786345512558015e+00
-4.697856484890147399e+00
-4.524951878258547389e+00
-5.320577607445357154e-02
-1.052830433889218043e-02
8.904876961554885062e-01
-1.217698801620710203e+00
-1.271862717171845514e+00
-4.397126585374142138e+00
-4.771332446332094079e+00
-3.861428790208454309e+00
-2.934832473805377706e+00
-2.849422318403026289e+00
-2.849880879471183626e+00
-3.463606315203700436e+00
-4.817805261626118885e+00
-1.436040170804274707e+00
-9.018982122795750067e-01
-1.938924339918555617e+00
-6.153500458846183907e-01
-1.674168060388599333e+00
-2.193685714958501620e+00
-1.128739560517179497e+00
-2.405970910956436892e+00
-3.907814286899223610e+00
-5.230028848810312603e+00
-8.950625023306160166e-01
-5.775723296414277286e+00
-2.333158797273186202e+00
-1.222513720055317554e+00
-3.174726430510458552e+00
-3.505810693155292923e-01
5.163371337584263809e-01
1.992122723744940427e-01
-2.568089879305929024e+00
-1.569287293625553303e+00
-1.436044826659084617e+00
-4.497153416450048624e+00
-3.090368971544662280e+00
-4.663854436560977978e-01
-2.269261817012120375e-01
1.106424228323722447e+00
-1.852284975830788438e+00
2.201018275543517699e+00
-2.391142827612252386e+00
-2.419846794953350866e+00
-3.296232485296494374e+00
6.742937489595811629e-01
3.039901916588914954e+00
4.099256471235462662e+00
8.765103949965720176e+00
5.960812325494166508e+00
1.304292176318939608e-02
1.272248234912658704e+00
-3.570868445224126830e+00
-1.556082356011521117e+00
-1.301524105268031084e+00
-4.504483207959067315e+00
4.764825175103854504e-01
-2.254889570236447149e-02
-1.731282741869860420e+00
2.897750543583712091e+00
-1.808086248898481907e+00
-4.058256555957054368e-01
-1.612242587528496029e+00
-4.698683331201442215e+00
-2.992454591906442918e+00
-1.909680448249858609e+00
-2.327690612082338628e+00
-5.877892335618760455e+00
-5.444006014913393088e+00
-3.786214123969802614e+00
-4.374933294220126001e+00
5.543635827355374024e-02
9.489086197948960688e+00
3.636801412177972814e+00
1.032141149693953791e-01
-4.347184029082917789e+00
-2.693960501200596713e+00
-5.004870397937205340e+00
-3.834605468652030780e+00
-3.817641574964200313e+00
-3.878837787919132030e+00
-2.596732478988800441e+00
-5.468708414107391391e+00
5.714944247907266517e-01
-1.828098494376831251e+00
-7.015739110017303881e-01
2.401719736767289781e+00
2.701512355951665612e+00
9.511571428977758647e-01
-1.566076322450004610e-01
-1.698571656930212281e-01
6.567338342953672026e+00
9.845434797406923622e+00
6.523038315639188234e+00
8.415880734815756270e+00
1.863729283627591382e+00
-2.556888075899611534e-01
-9.317577432523910241e-01
-1.262031939837705119e+00
-1.387181223256265472e+00
-6.244819094825023953e+00
-2.414794099741634170e+00
-3.055172164585469474e+00
-2.189862302357347412e-01
-2.993751969197307794e+00
-1.065578487420285381e+00
2.762218024638297020e+00
6.411659002699695575e-01
-2.558022324943892922e+00
-4.873020473643801864e+00
-6.834975762937819388e-01
-5.413730441827655504e+00
-2.278609270234460915e+00
3.046012980811412807e-01
-3.249164772590584338e+00
-6.278643131889981355e+00
-4.002457699635910693e+00
-2.770684815367969733e+00
-5.260648415782026355e+00
-3.589036554828595627e+00
-1.846932376418049859e+00
-4.921050245917863997e+00
3.542516940284492488e-01
-5.064523940308959915e+00
-1.782645359977512056e+00
-2.809379161757008081e+00
-3.817074389574287352e+00
-5.703353160862200788e+00
-4.676578277770937930e+00
-5.115344653642008410e+00
-4.378119134031585702e+00
-2.036303288230502329e+00
1.404108966270203984e+00
-3.237530804600505796e+00
-3.212255212923011527e+00
-1.876026119133663794e+00
-4.129684527751851242e+00
1.601641835641570699e+00
1.068596862208087694e+00
-6.145783785219210982e-01
5.773390129885339839e+00
1.819539468067947752e-01
1.480017940268711030e+00
-4.310147774303892731e+00
-3.135514659822967953e+00
-2.407773040388606400e+00
4.753199934523859582e+00
-2.945921542129003035e-01
-1.788020119996474699e+00
-3.320737012619118911e+00
-4.981018807228435819e+00
-2.899242562470566664e+00
-4.398692820093287992e+00
-1.544346725624158978e+00
-4.041791754875918574e-01
6.105258665937373763e+00
3.092808815905039310e+00
2.606438197455369199e+00
1.757574301518876725e+00
6.001104927589125282e+00
1.133400027532337262e+01
4.478916480514831377e+00
5.146033602213593738e+00
-1.137945067148325773e+00
-1.109421220632993199e+00
8.089920636345265592e+00
2.528835579286971669e+00
-1.749323889373012308e+00
1.353401942348673392e+00
-1.202263171077845444e-01
-9.102384665202691849e-01
5.779721682864574106e+00
7.392901525391491369e+00
1.496265701661151359e+00
-4.020506819439871649e+00
6.612497894285416677e+00
-8.299745659094504013e-01
6.015676034088468072e+00
1.674873501883652693e+00
5.513070300997013895e-01
-1.402712861791518995e+00
-5.839663660627301134e+00
-6.227427459993031711e+00
-7.109652760803061966e+00
-5.736415617203858730e+00
-4.681447127663776797e+00
-7.644713176821668732e+00
-7.687107517170126414e+00
-7.379582135545187604e+00
-6.727963035500506450e+00
-6.998221540528239970e+00
-6.099623441970976501e+00
-4.861881335107531399e+00
-6.754981859059275173e+00
-6.745094828428687350e+00
-6.844423894720923052e+00
-7.490625002289828416e+00
-6.004526147479275267e+00
-6.702655009336123015e+00
-6.728847294182487282e+00
-6.452090190127703906e+00
-4.478424160486905059e+00
-6.501681384673720032e+00
-4.053574068877148662e+00
-6.912989213286729218e+00
-7.568729109148585543e+00
-6.646097895796799548e+00
-7.332770217660196543e+00
-6.913576131506007805e+00
-7.164039240948729237e+00
-6.341945530327938840e+00
-6.530873122339468928e+00
-6.476407028205994898e+00
-3.976258954778483012e+00
-3.030366522655286943e+00
-2.953085633856348036e+00
-3.551692015889457377e+00
-1.932110969457695671e+00
-1.808032972134053376e-03
1.605601891162281580e+00
2.005453907845114792e+00
1.015076244295598507e+01
5.568266296452772934e+00
8.885835203790768411e-01
3.691074952596303249e-01
-1.062850462046670330e+00
-7.820733136934143737e-01
-5.016289991212062205e+00
-3.949207490531958520e+00
-5.975357813944612850e+00
-6.398615229515455027e+00
-7.526363232396802161e+00
-6.467810642723082815e+00
-7.100016892218563136e+00
-7.599873191000804162e+00
-8.761093947323308484e+00
-7.291632218782824637e+00
-7.371728637887065894e+00
-5.510753118842545817e+00
-6.510056890327446055e+00
-6.833181108412534677e+00
-6.843010992058440323e+00
-6.723025222653252975e+00
-6.879736450579301277e+00
-7.254886514467599135e+00
-4.112739479877967064e+00
-6.833052326962272716e+00
-6.195429630464512449e+00
-2.816490239519150673e+00
-3.844446955731147808e-01
2.346514083748048929e+00
5.022185800755761598e+00
5.297917514056229571e+00
5.654693114420454414e+00
4.121283364331808308e+00
4.815704571840860204e+00
5.158138773564364676e+00
4.820169624337293790e+00
4.466367855479190574e+00
4.290248477993565679e+00
5.476898828328253366e+00
6.721304414470418820e+00
3.426556816534216399e+00
4.575959904697890046e+00
1.770030836542732189e+00
-1.128797177167363497e+00
-1.194544748206570306e+00
-1.643357527787789873e-01
-1.859405424340903501e+00
1.170487544877753194e+00
-2.616798868051788407e+00
-1.435442889472176686e+00
-3.693581544508414805e+00
-3.004838404353352477e+00
-1.966987331383771798e+00
-4.615428432465669140e+00
1.204884925655722139e+00
-1.793346773632962465e+00
-4.700618797753122635e+00
-6.123011414580013856e+00
-5.543769718951560677e+00
-7.072305802899151672e+00
-6.072011502940705796e+00
-2.831005158569504854e+00
-4.085608999903437955e+00
7.070391453264772696e-01
-1.304975838644127473e+00
-5.152043612998948419e+00
-6.233814651093456227e+00
-5.820399448786607977e+00
-3.139503596129949337e+00
-1.263950774266333177e+00
-3.279269605722180625e+00
-4.021946167058471744e+00
3.797705725912967178e+00
-1.931735599672593562e+00
-6.065339817111882859e+00
-4.418880200465986618e+00
-1.046057166901298574e+00
-4.325728686767181586e+00
2.244057744695745260e+00
3.656988128988444942e+00
1.589435530340027602e-01
-4.782827868532903537e+00
-2.823475146901315291e+00
-2.056216474095838187e+00
-2.484261229610974286e+00
-1.734156832198797460e+00
-3.434578030879435584e+00
-5.342279589059113931e+00
-1.279830038419112137e+00
9.659504227527228037e-01
-2.417117956181767280e+00
-4.545834054976964467e+00
-2.387520473402611643e+00
2.673965828706683645e-01
2.376416820174862832e-01
1.471024467186844875e+00
8.627874426995026269e+00
3.298952452218726794e+00
2.335736715788101492e+00
5.005130185342653526e+00
2.391750670293098402e+00
6.424668237833204287e+00
-6.795818225332050933e-01
-1.839637166298877302e+00
5.468869634310510541e+00
-2.530766828637134758e+00
-2.446973453957837219e-01
3.781940241116125284e-02
-2.628927263741718257e+00
-1.582652740698705429e+00
-4.713076365899540932e+00
-4.326761141379566133e+00
-4.608128235499767134e-01
-5.237817435095235119e+00
-4.857537026287789494e+00
-3.363773240820119526e+00
3.365241056278286402e-01
-2.945030349540460168e+00
-5.626253274384422909e+00
7.260410465711773786e-02
-6.312364734204397365e+00
7.156564642288867351e-01
-1.951349188809439639e+00
1.620954911655051733e-01
-1.956148050163230678e+00
-2.209710793019703967e+00
-3.709462913651436100e+00
-4.125069743807063816e-01
-2.455544347780445502e+00
-1.733521471615529164e+00
-2.241778570049462349e+00
-4.730577771227251205e+00
-4.220580598202561262e+00
-5.567687205855614607e+00
-4.291012720422166637e+00
-5.381013879143184298e+00
-3.702782842324858326e+00
-5.262174400942996932e+00
-2.288294375763415545e+00
-2.117664235903114811e+00
-1.373647641742718140e+00
-3.478700507595207991e+00
-3.592833898305192619e+00
-3.229365305311496570e+00
-3.838871125360317826e+00
-3.482174957567366391e+00
-7.392173777407293200e-02
-5.818450525532654183e+00
-1.724727448593849299e+00
-4.866253616310153518e+00
-4.363500681234266487e+00
-5.325351034605596112e+00
-3.211490677669824212e+00
-1.792524326643146204e-01
-3.311223147485568674e+00
-3.536412081817455366e+00
-1.627013672678815137e+00
-2.313742960724587849e+00
-2.763345525611159204e+00
-1.922835231867785710e+00
-4.321873146608415261e+00
-2.780673292821099096e+00
1.600446348173808486e+00
-4.427148237254378671e+00
-3.085268057509013229e+00
-1.427220589049617017e+00
-4.758728676289566195e+00
-1.684167790753741345e+00
-1.529417601980992636e+00
-3.138356301741466403e+00
-3.385436436140274008e+00
-1.561719791749791586e+00
-2.660283434932919189e+00
-4.026071375877372738e+00
2.957743058793581015e-01
7.575629279382666281e-01
-4.417191612161644798e+00
-3.903607364113230282e+00
-4.453743479233864377e+00
-6.145254516061988248e+00
-2.549482329704437777e+00
-3.960403357382938694e+00
-3.644924178203539977e+00
-1.156523314733322705e+00
-8.124059020724151425e-01
-2.929501741080474897e+00
-1.989614809190982658e+00
-9.790196043987552388e-01
1.365866414032960607e+00
-1.021107048973828091e+00
-2.243957904236085099e+00
-2.519050807683055559e+00
-3.166276485097061055e+00
-4.358001504371610935e+00
-2.730696986286783812e+00
-4.893872091062360319e+00
-9.097501638432791138e-01
-2.038308799819624983e+00
1.979106139531869313e-01
8.774823327712851784e-01
7.325349010181812837e+00
2.054115273803022390e+00
3.648162887682383282e+00
1.317792672235575058e+00
-1.232931470839400356e+00
-1.471978004152104891e+00
-2.091385633444644121e+00
-3.405641761212078400e+00
-2.522718415105935641e+00
-4.582778282066398035e+00
-4.192725304069139014e+00
-4.270469432841069057e+00
-3.075587657693187094e+00
-6.309663636025394373e-01
-2.876418415044105892e+00
-2.129945494750265844e+00
2.255879773290274670e+00
-2.344969256089108889e+00
-5.156751411152591391e-01
-1.803124492961231562e+00
-1.557228991262954443e+00
2.728093573243519088e-01
4.863390784789412891e+00
4.800313232171556699e+00
4.047203196509165046e+00
1.504191617772061784e+00
2.373603522597229620e+00
-2.342056712255464745e+00
-2.776177439464030949e-01
-4.356030375914437869e+00
-3.373739609619518909e+00
-1.146046435993016255e+00
-2.256470186474033301e+00
-9.406587548956553135e-01
-1.895398519030793150e+00
-2.789472342397684712e-01
1.050573000134462864e+00
1.130771162258155382e-02
9.741665059947629546e-01
-3.656667087075774480e-01
-3.365137111681697046e+00
-4.385672341093209248e+00
-1.963337391959071088e+00
-5.029684775648223471e+00
-3.130934269825872640e+00
-6.624526623813263848e-01
-3.096715887844823989e+00
3.455352330062211319e+00
6.602989891954052837e+00
4.127695978626391593e+00
-8.402041769142891692e-01
-3.276319655562655253e+00
-2.506221475436177570e+00
-4.940883957212373723e+00
-4.348291609569210792e+00
-5.304628188408162082e+00
-3.976534510879839335e+00
-2.458940106966232886e+00
-3.212068936703755817e+00
-4.878393906781458789e+00
-1.633975515004228551e+00
-1.206113992579800120e+00
-1.929368924930846330e+00
-1.098150558128693000e+00
-1.627758339347860961e+00
-1.789287281255124373e+00
-1.515470684159979875e+00
-2.345353688897228395e+00
-4.489979515677029021e+00
-6.095735313552435919e+00
-5.229556318482090127e+00
-5.406346061434840422e+00
-3.300685264355386117e+00
-1.036547871923835018e+00
-2.685756683785164078e+00
-1.147328200265657072e+00
-4.354751740960825401e+00
-3.215584658780137772e+00
-3.601265036559865962e+00
-4.734303781422102730e+00
-1.269310414116778585e+00
-1.775134567020761445e+00
-1.345918362536329349e+00
-2.681360185049815659e+00
-3.395955904445677298e+00
-1.554953869664253308e+00
-3.481608349917940437e+00
1.715467167383086133e+00
-2.543090281798632724e+00
-1.646901225517328315e+00
3.132850285584310446e-01
-1.828735285437246061e+00
-1.008206016601224109e+00
-8.634051181091547678e-01
6.286503926837735179e+00
9.010739619201608264e+00
1.142538523661355931e+01
4.285388032164393124e+00
-4.023656649353758219e+00
-1.786912349253026999e+00
-1.558336418794147860e-01
-3.836111873695732477e+00
2.430119763090865970e+00
-4.829623054535335802e-01
-2.470016272792672662e+00
2.179172313393495486e+00
-2.176176311063191537e+00
-9.507130499280590508e-01
-2.604090658910646283e+00
-4.617498751548942515e+00
-2.459168355100761705e+00
-1.230869487855679623e+00
-1.761071111452382265e+00
-6.046591039235768683e+00
-4.436607771170089975e+00
-4.426776631571759602e+00
-3.756841247620651192e+00
1.135397260153088395e+00
2.668724187469950326e+00
-3.677449607624487360e+00
-1.988200264392298244e+00
-4.904566400631000356e+00
-4.152357626435913218e+00
-6.280877588181925653e+00
-4.286436406666469523e+00
-3.587306358816988894e+00
-4.241708387573303263e+00
-3.462032330167712502e+00
-5.021940242303889690e+00
6.045513052870028492e-01
-2.355641042712655508e+00
-1.955700263285605311e+00
7.632123220407158737e-01
1.244191940219823600e+00
-1.889979970821017208e+00
-4.026823338681418285e+00
-4.794173655914888421e+00
1.067884059103328537e-01
2.612830270712191094e+00
-1.028473769853591513e+00
4.342068889196470494e+00
2.140123935640785735e+00
-3.075961636620309747e+00
-2.150771133055919382e+00
-3.602277233421492308e+00
-4.720187849088268273e+00
-5.077841753023502491e+00
-3.484399697606158863e+00
-1.661400332626659981e+00
1.103997247080099386e+00
-1.692292748729415486e+00
-7.907113400080986176e-01
3.449668055571017966e+00
7.530147875163404336e+00
-8.554260735074037392e-01
-4.043231147052936514e+00
-1.596862134891311236e+00
-5.225506406352848465e+00
-3.352355005123674125e+00
-1.783898492395670665e+00
3.482868469307570103e-01
-1.306603262570166901e+00
-3.181164250474814992e-01
-2.082591922043269539e-01
-1.045784814175199973e+00
2.205063523544604553e+00
6.386772406929042134e+00
3.099336786417404621e+00
1.099116587564920922e+00
3.379693082476753485e+00
-3.633177781515572580e+00
-3.281663815339267654e+00
-4.100650267019714690e+00
-5.262262683519784545e+00
-4.940363154237045862e+00
-4.515371861035292866e+00
-3.061783328652973424e+00
-2.652310909411446982e+00
2.274694093440234433e+00
-3.054960989133766791e+00
-2.210403472400241487e+00
-1.035235024072208576e+00
-3.767648008905507773e+00
1.335542816016302758e+00
1.142220984076431023e+00
-1.759814740873345107e+00
8.023038988075418487e+00
2.502994706069107789e+00
3.667146236254693381e+00
-1.345711144226053868e+00
-2.111744866064862336e+00
-3.140764857215931904e+00
4.863488434744259514e+00
4.912887119423666182e-01
-3.089146455374309319e+00
-4.149846186019432892e+00
-4.348829883547172592e+00
-2.903944209944190558e+00
-4.016739546737761124e+00
-2.811986849805603317e+00
-3.352942330202139498e+00
4.157504412562166074e+00
-2.199663716753535780e+00
-2.341076008803991915e+00
6.707416494992576306e-01
-1.145343613453391640e+00
8.062071717598516818e-01
6.485432815618377589e+00
-2.270470243049897974e+00
-1.426602502225627900e+00
-2.392350184421938586e+00
-5.983297701945144098e+00
-2.719110850193790174e+00
-1.281579464928066514e+00
6.865351107626458393e+00
-2.312532586042006510e+00
-1.057286287968316252e+00
5.197726063782955208e+00
3.302957550500246420e+00
4.254055152931435657e+00
-4.262931985651482236e+00
